 1994D           49430.5  0. 49432.5 0. 49434.5 0. 49434.5 0.  49428.5 0.
 Ia               11.30 .00 11.84 .00   11.90 .00  11.86 .00   12.15 .00   
 fit=     -0.54  0.02 0 0            
 NGC4526   ABg= 0.  .00 ABi= 0. .00  mu= 30.92 .00  (SBF Patat, altri 30.86)
UBVRI ___________________________________________________________________
 Date       JD     U          B          V         R           I            S note
xxxxxxxx 49412.    9999 .00 30.   .00 30.   .00 30.   .00  9999  .00 111 Dutch
xxxxxxxx 49738.    9999 .00 9999 .00  9999  .00 18.9 .00  9999  .00 111 Dutch # hard limit
11/3/94  49422.72 12.89 .00 13.26 .00 13.27 .00 13.11 .00 13.243 .00   0 Dutch
12/3/94  49423.76 12.44 .00 12.91 .00 12.93 .00 12.70 .00 12.849 .00   0 Dutch
13/3/94  49424.71 12.11 .00 12.67 .00 12.67 .00 12.43 .00 12.607 .00   0 Dutch
14/3/94  49425.69 11.84 .00 12.41 .00 12.47 .00 12.31 .00 12.415 .00   0 Dutch
15/3/94  49426.72 11.64 .00 12.26 .00 12.29 .00 12.15 .00 12.272 .00   0 Dutch
16/3/94  49427.72 11.50 .00 12.10 .00 12.17 .00 12.04 .00 12.181 .00   0 Dutch
17/3/94  49428.74 11.41 .00 11.99 .00 12.08 .00 11.98 .00 12.158 .00   0 Dutch
18/3/94  49429.72 11.31 .00 11.89 .00 11.98 .00 11.92 .00 12.180 .00   0 Dutch
19/3/94  49430.72 11.30 .00 11.86 .00 11.93 .00 11.90 .00 12.219 .00   0 Dutch
20/3/94  49431.70 11.33 .00 11.84 .00 11.92 .00 11.91 .00 12.220 .00   0 Dutch
22/3/94  49433.70 11.40 .00 11.84 .00 11.91 .00 11.89 .00 12.243 .00   0 Dutch
23/3/94  49434.70 11.42 .00 11.89 .00 11.90 .00 11.86 .00  9999  .00   0 Dutch
24/3/94  49435.70 11.52 .00 11.91 .00 11.92 .00 11.87 .00 12.264 .00   0 Dutch
25/3/94  49436.70  9999 .00 11.99 .00 11.96 .00 11.91 .00  9999  .00   0 Dutch
26/3/94  49437.70  9999 .00 12.02 .00 11.97 .00 11.96 .00  9999  .00   0 Dutch
27/3/94  49438.70  9999 .00 12.13 .00 12.03 .00 12.03 .00  9999  .00   0 Dutch
28/3/94  49439.70  9999 .00 12.25 .00 12.10 .00 12.15 .00  9999  .00   0 Dutch
29/3/94  49440.70 12.12 .00 12.33 .00 12.21 .00 12.33 .00 12.765 .00   0 Dutch
30/3/94  49441.70 12.24 .00 12.44 .00 12.29 .00 12.43 .00 12.812 .00   0 Dutch
2/4/94   49444.70 12.75 .00 12.80 .00 12.53 .00  9999 .00  9999  .00   0 Dutch
3/4/94   49445.70 12.94 .00 12.95 .00 12.59 .00  9999 .00  9999  .00   0 Dutch
4/4/94   49446.70 13.10 .00 13.10 .00 12.64 .00  9999 .00  9999  .00   0 Dutch
13/4/94  49455.70 14.48 .00 14.28 .00 13.25 .00 12.89 .00 12.603 .00   0 Dutch
15/4/94  49457.70 14.63 .00 14.46 .00 13.42 .00 13.05 .00 12.785 .00   0 Dutch
17/4/94  49459.70  9999 .00 14.60 .00 13.57 .00 13.21 .00  9999  .00   0 Dutch
# 6/5/94  49478.70 15.39 .00 15.22 .00 14.37 .00 14.16 .00 14.107 .00   0 Dutch  #da tabella ALICE
 6/5/94  49478.70 15.43 .00 15.27 .00 14.20 .00 14.05 .00 14.13  .00   0 Dutch  #da paper Patat et al.
 6/5/94  49480.50  9999 .00  9999 .00  9999 .00 14.24 .00  9999  .00   0 ESO3.6
10/5/94  49482.60  9999 .00 15.29 .00  9999 .00 14.29 .00  9999  .00   0 ESO3.6
14/5/94  49486.7   9999 .00 15.36 .00 14.56 .00 14.38 .00 14.37  .00   0 ESO2.2 # da paper Patat et al.
25/5/94  49497.70  9999 .00 15.45 .00 14.85 .00 14.65 .00  9999  .00   0 Dutch
#7/6/94   49510.70  9999 .00 15.64 .00 15.22 .00 15.03 .00 15.286 .00   0 Asiago #da tabella ALICE
7/6/94   49510.70  9999 .00 15.61 .00 15.22 .00 15.03 .00 15.28  .00   0 Asiago   # da paper Patat et al.
7/6/94   49510.50  9999 .00 15.67 .00 15.25 .00 15.14 .00 15.405 .00   20 ESO3.6
8/6/94   49512.46  9999 .00 15.64 .00 15.24 .00 15.24 .00 15.439 .00   20 ESO3.6
9/6/94   49513.46  9999 .00  9999 .00 15.35 .00 15.34 .00  9999  .00   20 ESO3.6
13/6/94  49516.5  16.25 .00 15.75 .00 15.43 .00 15.42 .00 15.585 .00   20 ESO2.2
14/6/94  49517.6   9999 .00  9999 .00  9999 .00 15.47 .00  9999  .00   20 ESO2.2
25/6/94  49529.47  9999 .00 15.99 .00 15.69 .00 15.79 .00 16.123 .00   20 Dutch
13/7/94  49546.5   9999 .00 16.26 .00 16.14 .00 16.20 .00 16.595 .00   20 Dutch 
 8/1/95  49725.5   9999 .00 18.62 .00 19.03 .00  9999 .00  9999  .00   20 ESO3.6
28/1/95  49745.85  9999 .00 19.11 .00 19.47 .00  9999 .00  9999  .00   20 Dutch  
 4/2/95  49752.85  9999 .00 19.07 .00  9999 .00  9999 .00  9999  .00   20 ESO2.2 
 5/2/95  49753.79  9999 .00 19.03 .00 19.60 .00  9999 .00  9999  .00   20 ESO2.2 
20/2/95  49768.87  9999 .00 19.46 .00 19.97 .00  9999 .00  9999  .00   20 Danish1.5
27/2/95  49776.3   9999 .00 19.75 .00  9999 .00  9999 .00  9999  .00   20 NTT    
28/2/95  49776.5   9999 .00 19.79 .00  9999 .00  9999 .00  9999  .00   20 As182
#29/3/95  49806.5   9999 .00 19.60 .00  9999 .00  9999 .00  9999  .00  20 ESO3.6 #
24/4/95  49831.5   9999 .00 20.56 .00  9999 .00  9999 .00  9999  .00   20 Dutch
24/4/95  49831.5   9999 .00  9999 .00 20.5  .00  9999 .00  9999  .00  -20 limit Dutch
#28/5/95  49865.5   9999 .00 21.02 .20  9999 .00  9999 .00  9999  .00  20 NTT  NO, uso valore sotto#  
28/5/95  49865.5   9999 .00 20.91 .20  9999 .00  9999 .00  9999  .00   20 NTT    calib su stella B 
#28/5/95  49865.5   9999 .00  9999 .00 20.70 .00  9999 .00  9999  .00  -20 limit NTT#
28/5/95  49865.5   9999 .00  9999 .00 20.54 .00  9999 .00  9999  .00  -20 limit NTT   calib su stella B
18/3/94  49429.70  9999 .00  9999 .00  9999 .00 11.89 .00  9999  .00   4
25/3/94  49436.70  9999 .00  9999 .00 11.93 .00 11.96 .00 12.241 .00   4
26/3/94  49437.70  9999 .00  9999 .00 11.98 .00 12.04 .00 12.424 .00   4
27/3/94  49438.70  9999 .00  9999 .00  9999 .00  9999 .00  9999  .00   4
28/3/94  49439.70  9999 .00  9999 .00 12.12 .00 12.18 .00 12.531 .00   4
29/3/94  49440.70  9999 .00  9999 .00 12.20 .00 12.31 .00 12.688 .00   4
31/3/94  49442.70  9999 .00  9999 .00  9999 .00 12.45 .00 12.820 .00   4
01/4/94  49443.70  9999 .00  9999 .00 12.39 .00  9999 .00  9999  .00   4 
02/4/94  49444.70  9999 .00  9999 .00 12.49 .00  9999 .00  9999  .00   4
07/4/94  49449.70  9999 .00  9999 .00 12.73 .00 12.61 .00 12.567 .00   4
09/4/94  49451.70  9999 .00  9999 .00  9999 .00  9999 .00 12.520 .00   4
16/4/94  49458.70  9999 .00  9999 .00  9999 .00 13.07 .00  9999  .00   4
18/4/94  49460.70  9999 .00  9999 .00  9999 .00 13.22 .00  9999  .00   4
30/4/94  49472.70  9999 .00  9999 .00  9999 .00  9999 .00  9999  .00   4
01/5/94  49473.70  9999 .00  9999 .00  9999 .00 13.88 .00 13.840 .00   4
#27/5/94  49499.70  9999 .00  9999 .00 14.81 .00  9999 .00  9999  .00   4 #da tab. ALICE
27/5/94  49499.70  9999 .00  9999 .00 14.87 .00  9999 .00  9999  .00   4  # da paper Patat et al.
09/3/94  49420.90  9999 .00 14.23 .00 14.02 .00 13.95 .00  9999  .00   5 50cm
11/3/94  49422.83  9999 .00 13.29 .00 13.24 .00 13.12 .00 13.16  .00   5 50cm
12/3/94  49423.90 11.92 .00 12.89 .00 12.89 .00 12.75 .00 12.81  .00   5 50cm
13/3/94  49424.89 11.76 .00 12.61 .00 12.62 .00 12.50 .00 12.58  .00   5 50cm
15/3/94  49426.90 11.64 .00 12.26 .00 12.27 .00 12.19 .00 12.26  .00   5 50cm
#19/3/94  49430.89 10.96 .00 11.91 .00 11.91 .00 11.94 .00 12.12  .00   5 50cm
#20/3/94  49431.85 10.99 .00 11.88 .00 11.90 .00 11.93 .00 12.20  .00   5 50cm
21/3/94  49432.98  9999 .00 11.94 .00 11.92 .00 11.95 .00 12.24  .00   5 50cm
22/3/94  49433.90 11.20 .00 11.92 .00 11.92 .00 11.93 .00 12.25  .00   5 50cm
26/3/94  49437.97 11.83 .00 12.13 .00 12.02 .00 12.11 .00 12.46  .00   5 50cm
28/3/94  49439.92 11.88 .00 12.30 .00 12.14 .00 12.29 .00 12.64  .00   5 50cm
31/3/94  49442.84 12.34 .00 12.60 .00 12.37 .00 12.55 .00 12.77  .00   5 50cm
01/4/94  49443.83 12.41 .00 12.76 .00 12.46 .00 12.59 .00 12.78  .00   5 50cm
02/4/94  49444.83 12.57 .00 12.88 .00 12.49 .00 12.65 .00 12.77  .00   5 50cm
04/4/94  49446.81 13.17 .00 13.17 .00 12.65 .00 12.68 .00 12.73  .00   5 50cm
05/4/94  49447.95 13.29 .00 13.31 .00 12.68 .00 12.70 .00 12.68  .00   5 50cm
07/4/94  49449.77 13.51 .00 13.63 .00 12.80 .00 12.70 .00 12.63  .00   5 50cm
08/4/94  49450.96  9999 .00 13.80 .00 12.85 .00 12.71 .00 12.57  .00   5 50cm
11/4/94  49453.79  9999 .00 14.17 .00 13.11 .00 12.81 .00 12.57  .00   5 50cm
12/4/94  49454.76 14.47 .00 14.26 .00 13.18 .00 12.83 .00 12.58  .00   5 50cm
18/4/94  49460.73  9999 .00 14.81 .00 13.63 .00 13.28 .00 12.90  .00   5 50cm
19/4/94  49461.75  9999 .00 14.83 .00 13.66 .00 13.37 .00 13.00  .00   5 50cm
20/4/94  49462.74  9999 .00 14.83 .00 13.73 .00 13.43 .00 13.06  .00   5 50cm
22/4/94  49464.76 14.72 .00 14.92 .00 13.82 .00 13.56 .00 13.20  .00   5 50cm
27/4/94  49469.85 14.90 .00 15.11 .00 13.99 .00 13.80 .00 13.50  .00   5 50cm
28/4/94  49470.88 14.57 .00 15.12 .00 14.07 .00 13.83 .00 13.58  .00   5 50cm
29/4/94  49471.87  9999 .00 15.22 .00 14.05 .00 13.86 .00 13.63  .00   5 50cm
30/4/94  49472.81  9999 .00 15.14 .00 14.13 .00 13.93 .00 13.74  .00   5 50cm
02/5/94  49474.72  9999 .00 15.21 .00 14.19 .00 14.02 .00 13.80  .00   5 50cm
06/5/94  49478.83  9999 .00 15.37 .00 14.30 .00 14.15 .00 14.05  .00   5 50cm
08/5/94  49480.68  9999 .00 15.38 .00 14.40 .00 14.26 .00 14.19  .00   5 50cm
09/5/94  49481.5   9999 .00  9999 .00 14.48 .08  9999 .00 14.19  .08   6 HST: F555W,F814W   
14/5/94  49486.70  9999 .00 15.49 .00 14.55 .00 14.50 .00 14.52  .00   5 50cm
23/5/94  49495.77  9999 .00 15.62 .00 14.87 .00 14.77 .00 14.94  .00   5 50cm
30/5/94  49502.73  9999 .00 15.79 .00 15.03 .00 15.04 .00 15.28  .00   5 50cm
01/6/94  49504.77  9999 .00 15.83 .00 15.12 .00 15.10 .00 15.41  .00   5 50cm
04/6/94  49507.72  9999 .00 15.83 .00 15.21 .00 15.17 .00 15.48  .00   5 50cm
 1/3/94  49412.77  9999 .00  9999 .00  9999 .00 18.5  .00  9999  .00  -5 limit 76cm
07/3/94  49418.92  9999 .00  9999 .00  9999 .00 15.09 .00  9999  .00   5 76cm
09/3/94  49420.74  9999 .00  9999 .00  9999 .00 13.87 .00  9999  .00   5 76cm
12/3/94  49423.89  9999 .00 12.86 .00 12.85 .00 12.68 .00 12.78  .00   5 76cm
13/3/94  49424.89  9999 .00 12.53 .00 12.61 .00 12.47 .00 12.50  .00   5 76cm
17/3/94  49428.90  9999 .00 12.00 .00 12.00 .00 11.97 .00 12.06  .00   5 76cm
12/4/94  49454.81  9999 .00 14.26 .00 13.12 .00 12.86 .00 12.51  .00   5 76cm
13/4/94  49455.81  9999 .00 14.28 .00 13.20 .00 12.93 .00 12.57  .00   5 76cm
14/4/94  49456.81  9999 .00  9999 .00 13.26 .00 12.96 .00 12.58  .00   5 76cm
15/4/94  49457.81  9999 .00 14.42 .00 13.39 .00 13.09 .00 12.63  .00   5 76cm
18/4/94  49460.81  9999 .00 14.61 .00 13.59 .00 13.34 .00 12.90  .00   5 76cm
19/4/94  49461.81  9999 .00  9999 .00 13.62 .00 13.39 .00 12.99  .00   5 76cm
20/4/94  49462.78  9999 .00 14.79 .00 13.64 .00 13.41 .00 13.06  .00   5 76cm
21/4/94  49463.78  9999 .00 14.74 .00 13.76 .00 13.53 .00 13.15  .00   5 76cm
22/4/94  49464.79  9999 .00  9999 .00 13.80 .00 13.51 .00 13.22  .00   5 76cm
27/4/94  49469.77  9999 .00 14.90 .00 13.98 .00 13.76 .00 13.47  .00   5 76cm
28/4/94  49470.77  9999 .00 15.03 .00 14.03 .00 13.82 .00 13.55  .00   5 76cm
29/4/94  49471.72  9999 .00  9999 .00 14.11 .00 13.88 .00 13.63  .00   5 76cm
02/5/94  49474.76  9999 .00  9999 .00 14.15 .00 14.04 .00 13.75  .00   5 76cm
03/5/94  49475.75  9999 .00  9999 .00 14.17 .00 14.06 .00 13.81  .00   5 76cm
06/5/94  49478.74  9999 .00  9999 .00 14.26 .00 14.24 .00 13.96  .00   5 76cm
08/5/94  49480.74  9999 .00  9999 .00 14.34 .00 14.19 .00 13.89  .00   5 76cm
10/5/94  49482.73  9999 .00  9999 .00 14.36 .00 14.34 .00 14.10  .00   5 76cm
14/3/94  49425.91  9999 .00 12.37 .00 12.43 .00 12.35 .00 12.35  .00   5 NURO
15/3/94  49426.90  9999 .00 12.28 .00 12.28 .00 12.21 .00 12.22  .00   5 NURO
16/3/94  49426.87  9999 .00 12.09 .00 12.15 .00 12.12 .00 12.14  .00   5 NURO
18/3/94  49429.77  9999 .00 11.97 .00 12.02 .00 12.01 .00 12.11  .00   5 NURO
22/3/94  49433.75  9999 .00 11.89 .00 11.91 .00 11.97 .00 12.23  .00   5 NURO
23/3/94  49434.75  9999 .00 11.93 .00 11.94 .00 11.98 .00 12.25  .00   5 NURO
24/3/94  49435.78  9999 .00 11.98 .00 11.95 .00 12.01 .00 12.30  .00   5 NURO
28/3/94  49439.82  9999 .00 12.25 .00 12.15 .00 12.33 .00 12.63  .00   5 NURO
29/3/94  49440.75  9999 .00 12.34 .00 12.21 .00  9999 .00  9999  .00   5 NURO 
10.08/3  49421.58  9999 .00  9999 .00 13.69 .04 13.54 .06 13.42  .08   7 INT
10.16/3  49421.66 13.42 .01 13.64 .01 13.71 .01 13.54 .01 13.62  .03   7 JKT
11.16/3  49422.66  9999 .00  9999 .00 13.23 .02 13.07 .04 12.98  .05   7 INT
11.18/3  49422.68 12.80 .01 13.23 .01 13.27 .01 13.14 .01 13.16  .02   7 JKT
12.14/3  49423.64 12.47 .01 12.94 .02 12.94 .01 12.76 .03 12.70  .03   7 JKT
12.17/3  49423.67  9999 .00  9999 .00 12.82 .01 12.52 .02 12.28  .03   7 INT
14.12/3  49425.62  9999 .00  9999 .00 12.45 .01 12.27 .02 12.14  .03   7 INT
15.11/3  49426.61 11.69 .01 12.27 .01 12.37 .01 12.27 .02 12.32  .01   7 JKT
15.11/3  49426.61  9999 .00  9999 .00 12.41 .01 12.26 .02 12.29  .04   7 INT
16.15/3  49427.65 11.54 .01 12.13 .01 12.27 .01 12.10 .01 12.17  .01   7 JKT
17.12/3  49428.62 11.45 .01 12.03 .01 12.15 .01 11.98 .01 12.13  .01   7 JKT
20.00/3  49431.50  9999 .00 11.85 .01 11.96 .01 11.91 .01 12.13  .02   7 INT
21.00/3  49432.50  9999 .00 11.87 .01 11.92 .01 11.87 .01 12.13  .03   7 INT
21.97/3  49433.47  9999 .00 11.87 .01 11.92 .01 11.84 .01 12.12  .03   7 INT
08.14/4  49450.64  9999 .00 13.66 .01  9999 .00  9999 .00 12.60  .01   7 JKT 
09.01/4  49451.51  9999 .00 13.77 .01  9999 .00  9999 .00 12.54  .01   7 JKT 
25.92/4  49468.42  9999 .00  9999 .00  9999 .00  9999 .00 13.42  .03   7 JKT 
26.90/4  49469.40 15.34 .06 14.97 .04 13.92 .03  9999 .00 13.45  .07   7 JKT 
07.06/5  49479.56  9999 .00  9999 .00  9999 .00 14.23 .05  9999  .00   7 INT 
14.88/5  49487.38  9999 .00 15.30 .03 14.58 .04 14.36 .06 14.21  .11   7 INT 
22.96/5  49495.46  9999 .00  9999 .00 14.64 .01  9999 .00  9999  .00   7 JKT
16.09/3  49427.59  9999 .00  9999 .00 12.16 .03  9999 .00  9999  .00   7 CAMC V-band
17.09/3  49428.59  9999 .00  9999 .00 12.09 .03  9999 .00  9999  .00   7 CAMC V-band
19.08/3  49430.58  9999 .00  9999 .00 11.85 .03  9999 .00  9999  .00   7 CAMC V-band
21.08/3  49432.58  9999 .00  9999 .00 11.85 .03  9999 .00  9999  .00   7 CAMC V-band
23.07/3  49434.57  9999 .00  9999 .00 11.86 .03  9999 .00  9999  .00   7 CAMC V-band
25.06/3  49436.56  9999 .00  9999 .00 11.84 .03  9999 .00  9999  .00   7 CAMC V-band
26.06/3  49437.56  9999 .00  9999 .00 11.85 .03  9999 .00  9999  .00   7 CAMC V-band
29.05/3  49440.55  9999 .00  9999 .00 12.08 .03  9999 .00  9999  .00   7 CAMC V-band
30.05/3  49441.55  9999 .00  9999 .00 12.30 .03  9999 .00  9999  .00   7 CAMC V-band
06.03/4  49448.53  9999 .00  9999 .00 12.66 .03  9999 .00  9999  .00   7 CAMC V-band
08.03/4  49450.53  9999 .00  9999 .00 12.89 .03  9999 .00  9999  .00   7 CAMC V-band
11.02/4  49453.52  9999 .00  9999 .00 13.12 .03  9999 .00  9999  .00   7 CAMC V-band
xxxxxxx  49430.46  9999 .00 12.18 .00  9999 .00  9999 .00  9999  .00   8 photo   
xxxxxxx  49430.49  9999 .00 12.16 .00  9999 .00  9999 .00  9999  .00   8 photo   
xxxxxxx  49431.48  9999 .00 12.00 .00  9999 .00  9999 .00  9999  .00   8 photo   
xxxxxxx  49442.27  9999 .00 12.74 .00  9999 .00  9999 .00  9999  .00   8 photo   
xxxxxxx  49444.42  9999 .00 12.96 .00  9999 .00  9999 .00  9999  .00   8 photo   
xxxxxxx  49445.50  9999 .00 13.08 .00  9999 .00  9999 .00  9999  .00   8 photo   
xxxxxxx  49453.30  9999 .00 14.00 .00  9999 .00  9999 .00  9999  .00   8 photo   
xxxxxxx  49454.29  9999 .00 14.09 .00  9999 .00  9999 .00  9999  .00   8 photo   
xxxxxxx  49457.37  9999 .00 14.20 .00  9999 .00  9999 .00  9999  .00   8 photo   
xxxxxxx  49458.44  9999 .00 14.28 .00  9999 .00  9999 .00  9999  .00   8 photo   
xxxxxxx  49470.32  9999 .00 15.04 .00  9999 .00  9999 .00  9999  .00   8 photo   
#xxxxxxx  49470.32  9999 .00  9999 .00 14.44 .00  9999 .00  9999  .00   8 photo   
xxxxxxx  49496.32  9999 .00 15.67 .00  9999 .00  9999 .00  9999  .00   8 photo   
10.2/3  49421.7   13.22 .00 13.62 .00 13.66 .00  9999 .00 13.62  .00   9 Walker 1994
10.16/3 49421.66  13.4  .0  13.7  .0  13.7  .00 13.6  .00 13.7   .00  10 Shanks et al. 94
11.08/3 49422.58   9999 .00 13.43 .00 13.48 .00 13.33 .00 13.44  .00  12 Heraudeau et al. 94
11.17/3 49422.67  12.8  .0  13.3  .0  13.3  .00 13.2  .00 13.2   .00  10 Shanks et al. 94 
11.70/3 49423.20  12.61 .00 13.01 .00 13.00 .00  9999 .00  9999  .00  11
12.66/3 49424.16  12.22 .00 12.76 .00 12.75 .00 12.61 .00 12.64  .00  11
12.77/3 49424.27  12.23 .00 12.71 .00 12.67 .00  9999 .00  9999  .00  11
13.05/3 49424.55   9999 .00 12.71 .00 12.80 .00 12.53 .00 12.59  .00  12 Heraudeau et al. 94
14.04/3 49425.55   9999 .00 12.49 .00 12.53 .00 12.28 .00 12.37  .00  12 Heraudeau et al. 94   
14.67/3 49426.17  11.78 .00 12.30 .00 12.31 .00 12.16 .00 12.20  .00  11      
# ___________________________________________________________________________________
# 1=ESO Patat et al. 1996
# 2=Asiago 182+CCD                                                  
# 4=NFO 0.5m (Neely) in Patat et al. 1996  
# 5 Richmond et al. (1995), AJ 109, 2121  
# 6 S. D. Van Dyk et al., 1999, AJ, 118, 2331
# 7 W. P. S. Meikle et al., 1996, MNRAS, 281, 263  (anche punti IR!!!)
# 8 D. Y. Tsvetkov & N. N. Pavlyuk, 1995, AstL, 21, 606 (magnit. fotografiche)
# 9 Walker 1994, 1994 IAUC 5950
# 10 T. Shanks, S. M. Croom & N. R. Tanvir 1994, IAUC, 5951  
# 11 Wu, H.; Yan, H.-J.; Zou, Z.-L., 1995 A&A 294, 9 (molti altri dati disponibili in this paper!!!!)
# 12 P. Heraudeau, P. Prugniel, and J. Taupenas, 1994, IAUC 5952 
# 20 - altavilla et al. 2004
# Galactic Extinction (Schlegel et al.):   A_B = 0.096 mag; 
# A_i= 0.0 NED
#Hoflich 95 apj443,89
#                             fase   mag
# source 0  correzioni in B  -0.17 -0.01, beta 0.134 gamma 0.016, t2 28.14, dm60 3.58, dm15 1.37
# source 5  correzioni in B   0.34  0.09, beta 0.130 gamma 0.019, t2 28.09, dm60 3.66, dm15 1.39 
# valori medi                 0.08  0.04,      0.132       0.017     28.11       3.62       1.38 
#
#nel vecchio file:  fit= 49432.5 0.0  9999 .00 11.84 .00
#
#### updated by APas 24/6/2003
# EC deve verificare la calibrazione
