1998S 	        50869.2 0.05  50889.2 0.05 50869.2 0.02 50869.2 0.05 50869.2 0.05 50869.2 0.05 50869.2 0.05 50869.2 0.05 50869.2 0.05 50869.2 0.05
 IIn               9999 .00  9999  .00     12.2  .00 9999  .00   9999 .0 9999 .0 9999 .0 9999 .0 9999 .0 9999 .0 9999 .0
 fit=                                               
 ????          ABg= 0.86 .00 ABi= 0.09 .00  mu= 31.18 0.0 (none)         
UBVRIJHKLM _______________________________________________________________________________________
 Date       JD     U          B          V         R           I      J          H       K        L     M      S note
  xxxxxxx   50869.      9999 0    30.  0       30.0  0	    30.   0	 9999  0      9999 0      9999 0      9999 0     9999 0      9999 0   111
 2.68/3/98  51175.18    9999 0  18.2 0  17.7   1   17.     0	 9999  0      9999 0      9999 0      9999 0     9999 0      9999 0   111
#
 23.7/2/98  50868.2     9999 0    9999 0       18.0  0	    18    0	 9999  0      9999 0      9999 0      9999 0     9999 0      9999 0   -7 Leonard et al, 00
 2.70/03/98 50875.2     9999 0    9999 0       16.0  0.5     16    0	 9999  0      9999 0      9999 0      9999 0     9999 0      9999 0   -3 IAUC 6831, pred.
 2.68/3/98  50875.18    9999 0    9999 0       15.2  0       15.2  0	 9999  0      9999 0      9999 0      9999 0     9999 0      9999 0   8 IAUC 6829,unf.
 4.3/3/98   50876.8     9999 0    9999 0       13.5  0       13.5  0	 9999  0      9999 0      9999 0      9999 0     9999 0      9999 0   8 IAUC 6829,unf.
 5/3/98	   50878.24    9999 0   13.25 0	      13.36 0	    13.32 0	 9999  0      9999 0      9999 0      9999 0     9999 0      9999 0   9	Liu et al,00
 6/3/98	   50879.20    9999 0   12.97 0	      13.08 0	    13.05 0	 9999  0      9999 0      9999 0      9999 0     9999 0      9999 0   9	Liu et al,00
 8/3/98	   50881.20    9999 0   12.68 0	      12.73 0	    12.71 0	 9999  0      9999 0      9999 0      9999 0     9999 0      9999 0   9	Liu et al,00
 11/3/98   50884.17    9999 0    9999 0	      12.47 0	    12.44 0	 9999  0      9999 0      9999 0      9999 0     9999 0      9999 0   9	Liu et al,00
 12/3/98   50885.15    9999 0   12.46 0	      12.44 0	    12.37 0	 9999  0      9999 0      9999 0      9999 0     9999 0      9999 0   9	Liu et al,00
 14/3/98   50887.21    9999 0    9999 0	      12.34 0	    12.27 0	 9999  0      9999 0      9999 0      9999 0     9999 0      9999 0   9	Liu et al,00
 15.81/3    50888.31    9999 0    9999 0       12.29 0        9999 0	 9999  0      9999 0      9999 0      9999 0     9999 0      9999 0   8 IAUC 6843,visual
 16.1/3	   50888.6     9999 0   12.3  0        9999 0        9999 0	 9999  0      9999 0      9999 0      9999 0     9999 0      9999 0   8 IAUC 6845,specph
 21/3/98   50894.17    9999 0   12.49 0	      12.31 0	    12.19 0	 9999  0      9999 0      9999 0      9999 0     9999 0      9999 0   9	Liu et al,00
 22/3/98   50895.15    9999 0   12.60 0	      12.33 0	    12.20 0	 9999  0      9999 0      9999 0      9999 0     9999 0      9999 0   9	Liu et al,00
 23/3/98   50896.17    9999 0   12.61 0	      12.36 0	    12.22 0	 9999  0      9999 0      9999 0      9999 0     9999 0      9999 0   9	Liu et al,00
 24/3/98   50897.15    9999 0   12.68 0	      12.37 0	    12.22 0	 9999  0      9999 0      9999 0      9999 0     9999 0      9999 0   9	Liu et al,00
 25/3/98   50898.13    9999 0   12.68 0	      12.42 0	    12.22 0	 9999  0      9999 0      9999 0      9999 0     9999 0      9999 0   9	Liu et al,00
 26/3/98   50899.15    9999 0   12.75 0	      12.47 0	    12.25 0	 9999  0      9999 0      9999 0      9999 0     9999 0      9999 0   9	Liu et al,00
 27/3/98   50900.24    9999 0   12.88 0	      12.47 0	    12.30 0	 9999  0      9999 0      9999 0      9999 0     9999 0      9999 0   9	Liu et al,00
 28/3/98   50901.11    9999 0   12.87 0	      12.49 0	    12.29 0	 9999  0      9999 0      9999 0      9999 0     9999 0      9999 0   9	Liu et al,00
 29/3/98   50902.17    9999 0    9999 0	       9999 0	    12.39 0	 9999  0      9999 0      9999 0      9999 0     9999 0      9999 0   9	Liu et al,00
 30/3/98   50903.17    9999 0   12.96 0	      12.56 0	     9999 0	 9999  0      9999 0      9999 0      9999 0     9999 0      9999 0   9	Liu et al,00
 07/4/98   50911.12    9999 0   13.38 0	      12.86 0	    12.56 0	 9999  0      9999 0      9999 0      9999 0     9999 0      9999 0   9	Liu et al,00
 08/4/98   50912.13    9999 0   13.48 0	      12.93 0	    12.61 0	 9999  0      9999 0      9999 0      9999 0     9999 0      9999 0   9	Liu et al,00
 12/4/98   50916.12    9999 0   13.65 0	       9999 0	    12.69 0	 9999  0      9999 0      9999 0      9999 0     9999 0      9999 0   9	Liu et al,00
 14/4/98   50918.10    9999 0   13.77 0	      13.15 0	    12.77 0	 9999  0      9999 0      9999 0      9999 0     9999 0      9999 0   9	Liu et al,00
 18/4/98   50922.13    9999 0   14.03 0	      13.32 0	    12.90 0	 9999  0      9999 0      9999 0      9999 0     9999 0      9999 0   9	Liu et al,00
 21/4/98   50925.06    9999 0   14.26 0	      13.33 0	    12.96 0	 9999  0      9999 0      9999 0      9999 0     9999 0      9999 0   9	Liu et al,00
 24/4/98   50928.10    9999 0    9999 0	      13.54 0	    13.04 0	 9999  0      9999 0      9999 0      9999 0     9999 0      9999 0   9	Liu et al,00
 02/5/98   50936.05    9999 0   14.68 0	      13.67 0	    13.23 0	 9999  0      9999 0      9999 0      9999 0     9999 0      9999 0   9	Liu et al,00
 07/5/98   50941.04    9999 0   15.00 0	      13.84 0	    13.36 0	 9999  0      9999 0      9999 0      9999 0     9999 0      9999 0   9	Liu et al,00
# 20/5/98   50954.06    9999 0   15.61 0	       9999 0	    13.83 0	 9999  0      9999 0      9999 0      9999 0     9999 0      9999 0   9	Liu et al,00
# 25/5/98   50959.04    9999 0    9999 0	      14.76 0	    14.21 0	 9999  0      9999 0      9999 0      9999 0     9999 0      9999 0   9	Liu et al,00
# 28/5/98   50962.02    9999 0    9999 0	      14.74 0	     9999 0	 9999  0      9999 0      9999 0      9999 0     9999 0      9999 0   9	Liu et al,00
# 29/5/98   50963.06    9999 0   16.24 0	      14.88 0	    14.33 0	 9999  0      9999 0      9999 0      9999 0     9999 0      9999 0   9	Liu et al,00
# 05/6/98   50970.04    9999 0    9999 0	      14.96 0	    14.39 0	 9999  0      9999 0      9999 0      9999 0     9999 0      9999 0   9	Liu et al,00
# 18/6/98   50983.05    9999 0    9999 0	       9999 0	    14.60 0	 9999  0      9999 0      9999 0      9999 0     9999 0      9999 0   9	Liu et al,00
# 02/7/98   50997.03    9999 0    9999 0	      15.39 0	    14.79 0	 9999  0      9999 0      9999 0      9999 0     9999 0      9999 0   9	Liu et al,00
 ??        50886.5     9999 0    9999 0        9999 0       12.34 0.13   9999  0      9999 0      9999 0      9999 0     9999 0      9999 0   1 Fassia et al,00
 ??        50888.6     9999 0    9999 0        9999 0       12.18 0.09   9999  0      9999 0      9999 0      9999 0     9999 0      9999 0   1 Fassia et al,00
 ??        50890.9     9999 0   12.40 0.15    12.17 0.05    12.12 0.10   9999  0      9999 0      9999 0      9999 0     9999 0      9999 0   1 Fassia et al,00
 ??        50891.9     9999 0   12.46 0.1     12.28 0.1     12.34 0.13   9999  0      9999 0      9999 0      9999 0     9999 0      9999 0   1 Fassia et al.
 ??        50898.6     9999 0   12.66 0.03    12.41 0.01    12.26 0.008  12.17 0.05   9999 0      9999 0      9999 0     9999 0      9999 0   1 Fassia et al.
 ??        50903.5     9999 0   12.87 0.03    12.58 0.007   12.38 0.008  12.14 0.01   9999 0      9999 0      9999 0     9999 0      9999 0   1 Fassia et al.
 ??        50904.5     9999 0   13.10 0.03    12.63 0.015   12.41 0.01   12.16 0.01   9999 0      9999 0      9999 0     9999 0      9999 0   1 Fassia et al.
 ??        50907.8     9999 0   13.17 0.04    12.81 0.04    12.48 0.03   9999  0      9999 0      9999 0      9999 0     9999 0      9999 0   1 Fassia et al.
 ??        50908.4     9999 0   13.23 0.03    12.78 0.015   12.50 0.015  12.25 0.015  9999 0      9999 0      9999 0     9999 0      9999 0   1 Fassia et al.
 ??        50909.4     9999 0   13.26 0.03    12.81 0.01    12.55 0.01   12.27 0.01   9999 0      9999 0      9999 0     9999 0      9999 0   1 Fassia et al.
 ??        50911.4     9999 0   13.43 0.04    12.93 0.01    12.64 0.008  12.29 0.01   9999 0      9999 0      9999 0     9999 0      9999 0   1 Fassia et al.
 ??        50913.5     9999 0    9999 0       13.00 0.01    12.68 0.007  9999  0      9999 0      9999 0      9999 0     9999 0      9999 0   1 Fassia et al.
 ??        50915.5     9999 0   13.60 0.03    13.10 0.05    12.75 0.12   12.42 0.09   9999 0      9999 0      9999 0     9999 0      9999 0   1 Fassia et al.
 ??        50917.5     9999 0   13.73 0.045   13.14 0.007   12.79 0.01   12.49 0.01   9999 0      9999 0      9999 0     9999 0      9999 0   1 Fassia et al.
 ??        50923.5     9999 0   14.03 0.035   13.39 0.007   12.99 0.008  12.67 0.01   9999 0      9999 0      9999 0     9999 0      9999 0   1 Fassia et al.
 ??        50927.4     9999 0   14.21 0.05    13.54 0.01    13.11 0.016  12.80 0.012  9999 0      9999 0      9999 0     9999 0      9999 0   1 Fassia et al.
 ??        50931.5     9999 0   14.38 0.03    13.65 0.012   13.22 0.008  12.88 0.011  9999 0      9999 0      9999 0     9999 0      9999 0   1 Fassia et al.
 ??        50939.5     9999 0   14.72 0.03    13.94 0.014   13.42 0.01   13.04 0.01   9999 0      9999 0      9999 0     9999 0      9999 0   1 Fassia et al.
 ??        50947.5     9999 0   15.15 0.047   14.38 0.008   13.76 0.008  13.36 0.008  9999 0      9999 0      9999 0     9999 0      9999 0   1 Fassia et al.
 ??        50949.5     9999 0   15.30 0.038   14.56 0.011   13.93 0.01   13.53 0.01   9999 0      9999 0      9999 0     9999 0      9999 0   1 Fassia et al.
 ??        50951.5     9999 0   15.46 0.03    14.78 0.01    14.11 0.01   13.71 0.01   9999 0      9999 0      9999 0     9999 0      9999 0   1 Fassia et al.
 ??        50968.6     9999 0   16.06 0.04    15.37 0.03    14.64 0.03   14.22 0.02   9999 0      9999 0      9999 0     9999 0      9999 0   1 Fassia et al.
 ??        50972.8     9999 0   16.22 0.06    15.65 0.06    15.04 0.04   14.50 0.03   9999 0      9999 0      9999 0     9999 0      9999 0   1 Fassia et al.
 ??        50974.5     9999 0   16.55 0.042   15.88 0.02    15.07 0.02   14.62 0.013  9999 0      9999 0      9999 0     9999 0      9999 0   1 Fassia et al.
 ??        50995.5     9999 0   16.76 0.035   16.17 0.02    15.28 0.015  14.96 0.05   9999 0      9999 0      9999 0     9999 0      9999 0   1 Fassia et al.
 ??        50999.4     9999 0   16.90 0.05    16.30 0.055   15.30 0.06   15.096 0.025 9999 0      9999 0      9999 0     9999 0      9999 0   1 Fassia et al.
 ??        51000.5     9999 0   16.85 0.03    16.14 0.05    15.35 0.02   15.10 0.04   9999 0      9999 0      9999 0     9999 0      9999 0   1 Fassia et al.
 ??        51021.5     9999 0   17.29 0.085   16.64 0.12    15.67 0.04   15.53 0.05   9999 0      9999 0      9999 0     9999 0      9999 0   1 Fassia et al.
 01/10/00  51818.03   9999  0      9999 0        9999 0        9999 0     21.50 0.03  9999 0      9999 0      9999 0     9999 0      9999 0   5 Li et. al 2001 filt.F814W 
 16/03/01  51984.16   9999  0      9999 0       24.08 0.06     9999 0      9999 0     9999 0      9999 0      9999 0     9999 0      9999 0   5 Li et. al 2001 filt.F555W
 ??        50889.0     9999 0      9999 0        9999 0        9999 0      9999 0    12.11 0.01  12.06 0.01 12.05 0.02   9999 0      9999 0   1 Fassia et al,00
 ??        50890.0     9999 0      9999 0        9999 0        9999 0      9999 0    12.07 0.01  12.02 0.01 11.98 0.02   9999 0      9999 0   1 Fassia et al,00
 ??        50890.9     9999 0      9999 0        9999 0        9999 0	   9999 0    12.06 0.01  12.01 0.01 11.98 0.02   9999 0      9999 0   1 Fassia et al,00  
 ??        50891.9     9999 0      9999 0        9999 0        9999 0      9999 0    12.02 0.01  11.97 0.01 11.93 0.04   9999 0      9999 0   1 Fassia et al,00  
 ??        50892.9     9999 0      9999 0        9999 0        9999 0      9999 0    12.02 0.01  11.93 0.02 11.90 0.02   9999 0      9999 0   1 Fassia et al,00
 ??        50924.9     9999 0      9999 0        9999 0        9999 0      9999 0    12.37 0.01   9999 0    9999  0      9999 0      9999 0   1 Fassia et al,00 
 ??        50951.9     9999 0      9999 0        9999 0        9999 0      9999 0    13.36 0.02  13.05 0.03 12.70 0.04   9999 0      9999 0   1 Fassia et al,00
 ??        50976.8     9999 0      9999 0        9999 0        9999 0      9999 0    14.25 0.02  13.92 0.02 13.31 0.05   9999 0      9999 0   1 Fassia et al,00
 ??        50984.8     9999 0      9999 0        9999 0        9999 0      9999 0    14.33 0.01  14.02 0.02 13.43 0.11   9999 0      9999 0   1 Fassia et al,00
 ??        51003.9     9999 0      9999 0        9999 0        9999 0      9999 0    14.73 0.06  14.34 0.06 13.55 0.01   9999 0      9999 0   1 Fassia et al,00
 ??        51004.9     9999 0      9999 0        9999 0        9999 0      9999 0      9999 0     9999 0    13.55 0.01  11.00 0.15   9999 0   1 Fassia et al,00
 ??        50986       9999 0      9999 0        9999 0        9999 0      9999 0    14.37 0.03  14.07 0.05  13.46 0.07  9999 0      9999 0   4 Gerardy etal astroph9912433
 ??        51119       9999 0      9999 0        9999 0        9999 0      9999 0    16.29 0.05  14.83 0.04  13.50 0.04  9999 0      9999 0   4 Gerardy etal astroph9912433
 ??        51152       9999 0      9999 0        9999 0        9999 0      9999 0    16.74 0.08  15.05 0.06  13.62 0.07  9999 0      9999 0   4 Gerardy etal astroph9912433
 ??        51247       9999 0      9999 0        9999 0        9999 0      9999 0    17.26 0.07  15.46 0.04  13.57 0.02  9999 0      9999 0   4 Gerardy etal astroph9912433
 ??        51248       9999 0      9999 0        9999 0        9999 0      9999 0    17.28 0.08  15.46 0.03  13.59 0.03  9999 0      9999 0   4 Gerardy etal astroph9912433
 ??        51688       9999 0      9999 0        9999 0        9999 0      9999 0     9999 0     17.57 0.19  15.38 0.09 9999 0      9999 0    4 Gerardy etal astroph9912433
 ??        50880.0    11.97 0.05   9999 0        9999 0        9999 0      9999 0     9999 0      9999 0      9999 0     9999 0      9999 0   2 from CFA figure
 ??        50895.0    11.97 0.05   9999 0        9999 0        9999 0      9999 0     9999 0      9999 0      9999 0     9999 0      9999 0   2 from CFA figure
 ??        50900.0    12.5  0.05   9999 0        9999 0        9999 0      9999 0     9999 0      9999 0      9999 0     9999 0      9999 0   2 from CFA figure
 ??        50902.0    12.75 0.05   9999 0        9999 0        9999 0      9999 0     9999 0      9999 0      9999 0     9999 0      9999 0   2 from CFA figure
 ??        50920.0    14.0  0.05   9999 0        9999 0        9999 0      9999 0     9999 0      9999 0      9999 0     9999 0      9999 0   2 from CFA figure
 ??        50922.0    14.15 0.05   9999 0        9999 0        9999 0      9999 0     9999 0      9999 0      9999 0     9999 0      9999 0   2 from CFA figure
 ??        50925.0    14.35 0.05   9999 0        9999 0        9999 0      9999 0     9999 0      9999 0      9999 0     9999 0      9999 0   2 from CFA figure
 ??        50928.0    14.50 0.05   9999 0        9999 0        9999 0      9999 0     9999 0      9999 0      9999 0     9999 0      9999 0   2 from CFA figure
 ??        50932.0    14.75 0.05   9999 0        9999 0        9999 0      9999 0     9999 0      9999 0      9999 0     9999 0      9999 0   2 from CFA figure
 ??        50935.0    14.90 0.05   9999 0        9999 0        9999 0      9999 0     9999 0      9999 0      9999 0     9999 0      9999 0   2 from CFA figure
 ??        50955.0    15.98 0.05   9999 0        9999 0        9999 0      9999 0     9999 0      9999 0      9999 0     9999 0      9999 0   2 from CFA figure
 ??        50960.0    16.25 0.05   9999 0        9999 0        9999 0      9999 0     9999 0      9999 0      9999 0     9999 0      9999 0   2 from CFA figure
 ??        50980.0    16.65 0.05   9999 0        9999 0        9999 0      9999 0     9999 0      9999 0      9999 0     9999 0      9999 0   2 from CFA figure
 ??        50988.0    16.80 0.05   9999 0        9999 0        9999 0      9999 0     9999 0      9999 0      9999 0     9999 0      9999 0   2 from CFA figure
 ??        50997.0    17.00 0.05   9999 0        9999 0        9999 0      9999 0     9999 0      9999 0      9999 0     9999 0      9999 0   2 from CFA figure
 ??        51012.0    17.45 0.05   9999 0        9999 0        9999 0      9999 0     9999 0      9999 0      9999 0     9999 0      9999 0   2 from CFA figure
 ??        51022.0    17.80 0.05   9999 0        9999 0        9999 0      9999 0     9999 0      9999 0      9999 0     9999 0      9999 0   2 from CFA figure
 23/01/99  51202.2     9999 0      9999 0        9999 0        9999 0	   9999 0    16.65 0.12  14.81 0.05  13.34 0.02 11.56 0.28   9999 0    6 Pozzo et al. 2004
 03/03/99  51243.2     9999 0      9999 0        9999 0        9999 0	   9999 0    16.80 0.34  14.92 0.13   9999 0    11.52 0.17  11.29 0.86 6 Pozzo et al. 2004
 04/04/99  51274.8     9999 0      9999 0        9999 0        9999 0	   9999 0    17.08 0.25	 15.27 0.08  13.43 0.02	 9999 0	     9999 0    6 Pozzo et al. 2004
 02/05/99  51333.5     9999 0      9999 0        9999 0        9999 0	   9999 0    17.61 0.29	 15.54 0.12  13.81 0.04	11.69 0.13  11.14 0.16 6 Pozzo et al. 2004
 19/12/99  51533.2     9999 0      9999 0        9999 0        9999 0	   9999 0    18.03 0.33	 16.42 0.14  14.45 0.04	11.86 0.18  11.44 0.14 6 Pozzo et al. 2004
 23/01/00  51567.5     9999 0      9999 0        9999 0        9999 0	   9999 0    18.34 0.35	 16.73 0.15  14.56 0.04	11.97 0.26  11.82 0.14 6 Pozzo et al. 2004
 04/02/00  51579.0     9999 0      9999 0        9999 0        9999 0	   9999 0     9999 0      9999 0      9999 0	 9999 0	    12.30 0.12 6 Pozzo et al. 2004
 30/05/00  51696.2     9999 0      9999 0        9999 0        9999 0	   9999 0    18.68 0.27	 17.15 0.16  14.99 0.04	12.20 0.33   9999 0    6 Pozzo et al. 2004
 30/05/00  51696.2     9999 0      9999 0        9999 0        9999 0	   9999 0     9999 0	  9999 0     9999 0	 9999 0	    11.9  0    -6 Pozzo et al. 2004
 01/10/00  51818.03    9999  0     9999 0        9999 0        9999 0     21.50 0.03  9999 0      9999 0      9999 0     9999 0      9999 0    5 Li et. al 2001 filt.F814W 
 07/01/01  51916.8     9999 0      9999 0        9999 0        9999 0	   9999 0    19.28 0.48	 17.96 0.27 15.84 0.07	12.99 0.39  12.84 0.15 6 Pozzo et al. 2004
 05/06/01  52067.0     9999 0      9999 0        9999 0        9999 0	   9999 0    19.80 0.83	 18.44 0.77 16.37 0.13	13.29 0.03   9999 0    6 Pozzo et al. 2004
 19/07/01  52111.5     9999 0      9999 0        9999 0        9999 0	   9999 0     9999 0      9999 0    16.52 0.02	13.40 0.15   9999 0    6 Pozzo et al. 2004
 16/03/01  51984.16    9999  0     9999 0       24.08 0.06     9999 0      9999 0     9999 0      9999 0      9999 0     9999 0      9999 0    5 Li et. al 2001 filt.F555W
#---------------------------------------------------------------------------------------------------------------------------------------
# corrected JD in Gerardy et al.q
#9.91/3/98  50882.41    9999 0    9999 0       12.5  0        9999 0	 9999  0      9999 0      9999 0      9999 0     9999 0      9999 0   8 IAUC 6835,visual
#7.69/3/98 50880.19    9999 0    9999 0       12.6  0        9999 0	 9999  0      9999 0      9999 0      9999 0     9999 0      9999 0   8 IAUC 6835,visual
#10.18/3   50882.68    9999 0    9999 0       12.8  0        9999 0	 9999  0      9999 0      9999 0      9999 0     9999 0      9999 0   8 IAUC 6835,visual
#11.79/3    50884.29   9999 0    9999 0       12.0  0        9999 0	 9999  0      9999 0      9999 0      9999 0     9999 0      9999 0   8 IAUC 6838,visual
#11.83/3    50884.33   9999 0    9999 0       12.0  0        9999 0	 9999  0      9999 0      9999 0      9999 0     9999 0      9999 0   8 IAUC 6838,visual
#11.83/3   50884.33    9999 0    9999 0       12.3  0        9999 0	 9999  0      9999 0      9999 0      9999 0     9999 0      9999 0   8 IAUC 6838,visual
#12.75/3   50885.25    9999 0    9999 0       12.5  0        9999 0	 9999  0      9999 0      9999 0      9999 0     9999 0      9999 0   8 IAUC 6838,visual
#13.22/3   50885.72   9999 0    9999 0       12.2  0        9999 0	 9999  0      9999 0      9999 0      9999 0     9999 0      9999 0   8 IAUC 6841,visual
#14.80/3   50887.30   9999 0    9999 0       12.1  0        9999 0	 9999  0      9999 0      9999 0      9999 0     9999 0      9999 0   8 IAUC 6841,visual
#15.9/3    50888.4     9999 0    9999 0       12.1  0        9999 0	 9999  0      9999 0      9999 0      9999 0     9999 0      9999 0   8 IAUC 6843,visual
#16.85/3   50889.35    9999 0    9999 0       12.2  0        9999 0	 9999  0      9999 0      9999 0      9999 0     9999 0      9999 0   8 IAUC 6843,visual
#16.93/3   50889.43    9999 0    9999 0       11.8  0        9999 0	 9999  0      9999 0      9999 0      9999 0     9999 0      9999 0   8 IAUC 6843,visual
#17.15/3   50889.65    9999 0    9999 0       12.0  0        9999 0	 9999  0      9999 0      9999 0      9999 0     9999 0      9999 0   8 IAUC 6843,visual
#17.8/3	   50890.3     9999 0    9999 0       12.1  0        9999 0	 9999  0      9999 0      9999 0      9999 0     9999 0      9999 0   8 IAUC 6843,visual
#23.39/3    50895.89    9999 0    9999 0       12.0  0        9999 0	 9999  0      9999 0      9999 0      9999 0     9999 0      9999 0   8 IAUC 6852,visual
#24.09/3    50896.59    9999 0    9999 0       11.8  0        9999 0	 9999  0      9999 0      9999 0      9999 0     9999 0      9999 0   8 IAUC 6852,visual
#24.8/3     50897.3     9999 0    9999 0       12.0  0        9999 0	 9999  0      9999 0      9999 0      9999 0     9999 0      9999 0   8 IAUC 6852,visual
#24.98/3    50897.48    9999 0    9999 0       11.7  0        9999 0	 9999  0      9999 0      9999 0      9999 0     9999 0      9999 0   8 IAUC 6852,visual
#25.10/3    50897.6     9999 0    9999 0       11.7  0        9999 0	 9999  0      9999 0      9999 0      9999 0     9999 0      9999 0   8 IAUC 6852,visual
#25.32/3    50897.82    9999 0    9999 0       12.0  0        9999 0	 9999  0      9999 0      9999 0      9999 0     9999 0      9999 0   8 IAUC 6852,visual
#25.88/3    50898.38    9999 0    9999 0       12.1  0        9999 0	 9999  0      9999 0      9999 0      9999 0     9999 0      9999 0   8 IAUC 6852,visual
#26.77/3    50899.27    9999 0    9999 0       12.0  0        9999 0	 9999  0      9999 0      9999 0      9999 0     9999 0      9999 0   8 IAUC 6852,visual
#26.79/3    50899.29    9999 0    9999 0       12.0  0        9999 0	 9999  0      9999 0      9999 0      9999 0     9999 0      9999 0   8 IAUC 6852,visual
#26.95/3    50899.45    9999 0    9999 0       11.9  0        9999 0	 9999  0      9999 0      9999 0      9999 0     9999 0      9999 0   8 IAUC 6852,visual
#28.65/3    50901.15    9999 0    9999 0       12.4  0        9999 0	 9999  0      9999 0      9999 0      9999 0     9999 0      9999 0   8 IAUC 6865,visual
#30.98/3    50903.48    9999 0    9999 0       12.5  0        9999 0	 9999  0      9999 0      9999 0      9999 0     9999 0      9999 0   8 IAUC 6865,visual
#01.17/4    50903.67    9999 0    9999 0       12.5  0        9999 0	 9999  0      9999 0      9999 0      9999 0     9999 0      9999 0   8 IAUC 6865,visual
#02.82/4    50905.32    9999 0    9999 0       12.7  0        9999 0	 9999  0      9999 0      9999 0      9999 0     9999 0      9999 0   8 IAUC 6865,visual
#03.97/4    50906.47    9999 0    9999 0       12.8  0        9999 0	 9999  0      9999 0      9999 0      9999 0     9999 0      9999 0   8 IAUC 6865,visual
