 1999ee      51467.5 0.5 51469.1 0.5 51471.7 0.5 51470.8 0.5 51466.3 0.5
 Ia          14.74 0.06 14.93 0.02 14.61 0.03 14.53 0.02 14.66 0.02
 fit= 0 0   0 0
 IC5179 ABg= 0.087 0. ABi= 0.47  0. mu= 33.42 0.10 (H0=65, v=3143)
UBVRI __________________________________________________________________________
date           JD        U           B            V            R            I        S Ins
xx/xx/xx  51449.      9999    0   30.0   0.0   30.0   0.0   30.0   0.0    9999  0.0 111 CTIO
xx/xx/xx  51767.      9999    0   21.85  0.0   20.5  0.0  20.4    0.0    9999  0.0 111 CTIO
#
xx/xx/xx  51459.68 9999    0    15.808 0.014 15.629 0.015 15.410 0.015 15.354 0.015 1 CTIO
xx/xx/xx  51460.56 15.440 0.017 15.575 0.014 15.431 0.015 15.221 0.015 15.167 0.015 1 CTIO
xx/xx/xx  51460.56 15.462 0.017 15.596 0.014 15.419 0.015 15.230 0.015 15.166 0.015 1 CTIO
xx/xx/xx  51460.57 15.473 0.017 15.585 0.014 15.458 0.015 15.210 0.015 15.191 0.015 1 CTIO
xx/xx/xx  51460.68 15.419 0.017 15.571 0.014 15.403 0.015 15.203 0.015 15.149 0.015 1 CTIO
xx/xx/xx  51460.68 15.437 0.017 15.570 0.014 15.412 0.015 15.197 0.015 15.146 0.015 1 CTIO
xx/xx/xx  51460.68 15.422 0.017 15.578 0.014 15.410 0.015 15.200 0.015 15.137 0.015 1 CTIO
xx/xx/xx  51461.59 15.249 0.016 15.394 0.017 15.220 0.015 15.019 0.011 14.937 0.015 1 YALO
xx/xx/xx  51461.60 15.212 0.016 15.431 0.017 15.205 0.015 15.002 0.011 14.942 0.015 1 YALO
xx/xx/xx  51461.62 15.265 0.082 15.413 0.014 15.271 0.015 15.033 0.015 14.984 0.015 1 CTIO
xx/xx/xx  51461.62 15.247 0.017 15.425 0.014 15.255 0.015 15.034 0.015 14.976 0.015 1 CTIO
xx/xx/xx  51461.62 15.256 0.021 15.392 0.014 15.245 0.015 15.044 0.015 14.983 0.015 1 CTIO
xx/xx/xx  51462.56 15.033 0.016 15.274 0.017 15.087 0.015 14.908 0.011 14.820 0.015 1 YALO
xx/xx/xx  51462.57 15.006 0.016 15.279 0.017 15.090 0.015 14.904 0.011 14.812 0.015 1 YALO
xx/xx/xx  51462.59 15.195 0.016 15.264 0.013 15.106 0.015 14.907 0.015 14.878 0.016 1 NTT
xx/xx/xx  51463.57 14.977 0.017 15.171 0.014 14.982 0.015 14.777 0.015 14.763 0.015 1 CTIO
xx/xx/xx  51464.55 14.892 0.017 15.090 0.014 14.888 0.015 14.712 0.015 14.705 0.015 1 CTIO
xx/xx/xx  51464.58 9999    0      9999   0    9999   0    14.703 0.015 14.717 0.015 1 CTIO
xx/xx/xx  51464.61 14.758 0.016 15.068 0.017 14.867 0.015 14.703 0.011 14.674 0.015 1 YALO
xx/xx/xx  51464.62 14.782 0.016 15.083 0.017 14.861 0.015 14.699 0.011 14.681 0.015 1 YALO
xx/xx/xx  51466.60 9999    0    14.981 0.014 14.750 0.015 14.600 0.015  9999   0    1 CTIO
xx/xx/xx  51466.60 9999    0    14.965 0.014 14.750 0.015 14.605 0.015  9999   0    1 CTIO
xx/xx/xx  51466.60 9999    0    14.976 0.014 14.736 0.015 14.605 0.015  9999   0    1 CTIO
xx/xx/xx  51466.62 14.685 0.016 14.969 0.017 14.718 0.015 14.607 0.011 14.651 0.015 1 YALO
xx/xx/xx  51466.63 14.664 0.016 14.970 0.017 14.714 0.015 14.607 0.011 14.670 0.015 1 YALO
xx/xx/xx  51467.53 14.807 0.017 14.937 0.014 14.709 0.015 14.567 0.015 14.670 0.015 1 CTIO
xx/xx/xx  51467.54 14.802 0.017  9999    0    9999    0    9999    0    9999   0    1 CTIO
xx/xx/xx  51467.54 14.804 0.017  9999    0    9999    0    9999    0    9999   0    1 CTIO
xx/xx/xx  51468.59 9999   0     14.934 0.014 14.680 0.015 14.544 0.015  9999   0    1 CTIO
xx/xx/xx  51468.59 9999   0     14.940 0.014 14.679 0.015 14.545 0.015  9999   0    1 CTIO
xx/xx/xx  51468.59 9999   0     14.942 0.014 14.681 0.015 14.553 0.015  9999   0    1 CTIO
xx/xx/xx  51468.62 14.683 0.018 14.931 0.017 14.644 0.015 14.563 0.011 14.680 0.015 1 YALO
xx/xx/xx  51468.63 14.687 0.016 14.938 0.017 14.637 0.015 14.561 0.011 14.666 0.015 1 YALO
xx/xx/xx  51469.59 9999   0     14.941 0.014 14.661 0.015 14.517 0.015  9999   0    1 CTIO
xx/xx/xx  51469.60 9999   0     14.926 0.014 14.658 0.015 14.523 0.015  9999   0    1 CTIO
xx/xx/xx  51469.60 9999   0     14.938 0.014 14.663 0.015 14.520 0.015  9999   0    1 CTIO
xx/xx/xx  51470.51 14.899 0.017 14.958 0.014 14.644 0.015 14.505 0.015 14.733 0.015 1 CTIO
xx/xx/xx  51470.62 14.826 0.016 14.948 0.017 14.597 0.015 14.535 0.011 14.721 0.015 1 YALO
xx/xx/xx  51470.63 14.801 0.032 14.953 0.017 14.613 0.015 14.544 0.011 14.733 0.015 1 YALO
xx/xx/xx  51471.50 14.962 0.017 14.968 0.014 14.640 0.015 14.498 0.015 14.765 0.015 1 CTIO
xx/xx/xx  51471.54 9999   0     9999    0    14.653 0.015 9999    0     9999   0    1 D1.54m
xx/xx/xx  51471.55 9999   0     9999    0    14.652 0.015 9999    0     9999   0    1 D1.54m
xx/xx/xx  51471.55 9999   0     9999    0    14.637 0.015 9999    0     9999   0    1 D1.54m
xx/xx/xx  51471.59 9999   0     9999    0    14.647 0.015 9999    0     9999   0    1 D1.54m
xx/xx/xx  51472.55 15.036 0.017 15.001 0.014 14.646 0.015 14.513 0.015 14.797 0.015 1 CTIO
xx/xx/xx  51472.63 14.977 0.016 15.032 0.017 14.612 0.015 14.569 0.011 14.810 0.015 1 YALO
xx/xx/xx  51472.64 14.988 0.018 15.032 0.017 14.606 0.015 14.569 0.011 14.811 0.015 1 YALO
xx/xx/xx  51475.63 15.281 0.018 15.155 0.017 14.674 0.015 14.645 0.011 14.933 0.015 1 YALO
xx/xx/xx  51475.64 15.284 0.017 15.165 0.017 14.661 0.015 14.642 0.011 14.928 0.015 1 YALO
xx/xx/xx  51476.50 9999   0     9999    0    14.759 0.015 9999    0    9999    0    1 D1.54m
xx/xx/xx  51476.51 9999   0     9999    0    14.753 0.015 9999    0    9999    0    1 D1.54m
xx/xx/xx  51478.52 15.536 0.017 15.335 0.014 14.839 0.015 14.738 0.015 15.116 0.015 1 CTIO
xx/xx/xx  51478.65 15.628 0.019 15.369 0.017 14.802 0.015 14.797 0.011 15.120 0.015 1 YALO
xx/xx/xx  51478.66 15.638 0.021 15.365 0.017 14.788 0.015 14.788 0.011 15.111 0.015 1 YALO
xx/xx/xx  51479.51 15.646 0.017 15.405 0.014 14.893 0.015 14.810 0.015 15.173 0.015 1 CTIO
xx/xx/xx  51480.50 9999   0     9999    0    14.981 0.015 9999    0    9999    0    1 D1.54m
xx/xx/xx  51480.53 15.784 0.017 15.486 0.014 14.953 0.015 14.877 0.015 15.245 0.015 1 CTIO
xx/xx/xx  51480.64 16.003 0.027 15.521 0.017 14.918 0.015 14.934 0.011 15.236 0.015 1 YALO
xx/xx/xx  51480.66 15.943 0.096 15.528 0.017 14.918 0.015 14.931 0.011 15.267 0.015 1 YALO
xx/xx/xx  51481.55 15.918 0.017 15.581 0.014 15.000 0.015 14.932 0.015 15.295 0.015 1 CTIO
xx/xx/xx  51482.58 16.047 0.017 15.709 0.014 9999    0    9999    0    9999    0    1 CTIO
xx/xx/xx  51482.61 16.078 0.017 15.715 0.014 15.110 0.015 15.050 0.015 15.362 0.015 1 CTIO
xx/xx/xx  51482.62 16.366 0.051 15.703 0.017 15.049 0.015 15.047 0.011 15.386 0.015 1 YALO
xx/xx/xx  51482.63 16.377 0.090 15.722 0.017 15.048 0.015 15.052 0.011 15.365 0.015 1 YALO
xx/xx/xx  51483.65 16.207 0.017 9999    0    15.154 0.015 15.097 0.015 15.365 0.015 1 CTIO
xx/xx/xx  51483.66 9999   0     9999    0    15.156 0.015 9999   0     9999    0    1 CTIO
xx/xx/xx  51484.55 16.365 0.017 15.889 0.014 15.224 0.015 15.135 0.015 15.396 0.015 1 CTIO
xx/xx/xx  51484.58 16.617 0.040 15.926 0.017 15.184 0.015 15.147 0.011 15.427 0.015 1 YALO
xx/xx/xx  51484.59 9999   0     15.885 0.017 15.177 0.015 15.143 0.011 15.427 0.015 1 YALO
xx/xx/xx  51485.60 16.507 0.017 15.995 0.014 15.296 0.015 15.190 0.015 15.410 0.015 1 CTIO
xx/xx/xx  51486.54 16.648 0.017 16.098 0.014 15.344 0.015 15.217 0.015 15.401 0.015 1 CTIO
xx/xx/xx  51486.62 16.902 0.050 16.105 0.017 15.296 0.015 15.212 0.011 15.438 0.015 1 YALO
xx/xx/xx  51486.63 16.982 0.066 16.107 0.017 15.283 0.015 15.208 0.011 15.425 0.015 1 YALO
xx/xx/xx  51487.53 16.768 0.017 16.195 0.014 15.406 0.015 15.257 0.015 15.381 0.015 1 CTIO
xx/xx/xx  51488.50 9999   0     9999    0    15.456 0.015 9999    0    9999    0    1 D1.54m
xx/xx/xx  51488.53 9999   0     9999    0    15.442 0.015 9999    0    9999    0    1 D1.54m
xx/xx/xx  51488.58 16.891 0.017 16.293 0.014 15.411 0.015 15.240 0.015 15.351 0.015 1 CTIO
xx/xx/xx  51488.63 17.131 0.051 16.300 0.017 15.382 0.015 15.241 0.011 15.402 0.015 1 YALO
xx/xx/xx  51488.64 17.144 0.056 16.304 0.017 15.387 0.015 15.243 0.011 15.394 0.015 1 YALO
xx/xx/xx  51489.53 17.006 0.017 16.372 0.014 15.460 0.015 15.255 0.018 15.351 0.015 1 CTIO
xx/xx/xx  51490.53 17.126 0.017 16.468 0.014 15.491 0.015 15.261 0.016 15.315 0.015 1 CTIO
xx/xx/xx  51490.63 17.330 0.054 16.501 0.017 15.469 0.015 15.273 0.011 15.340 0.015 1 YALO
xx/xx/xx  51490.64 17.344 0.067 16.488 0.017 15.467 0.015 15.273 0.011 15.355 0.015 1 YALO
xx/xx/xx  51492.52 17.319 0.017 16.641 0.014 15.586 0.015 15.284 0.015 15.274 0.015 1 CTIO
xx/xx/xx  51492.62 17.356 0.058 16.664 0.017 15.540 0.015 15.299 0.011 15.289 0.015 1 YALO
xx/xx/xx  51492.63 17.427 0.094 16.668 0.017 15.537 0.015 15.297 0.011 15.295 0.015 1 YALO
xx/xx/xx  51493.54 17.421 0.017 16.722 0.014 15.632 0.015 15.301 0.015 15.264 0.015 1 CTIO
xx/xx/xx  51495.57 17.570 0.021 16.898 0.014 15.718 0.015 15.334 0.015 15.235 0.015 1 CTIO
xx/xx/xx  51495.59 17.781 0.079 16.925 0.017 15.662 0.015 15.345 0.011 15.247 0.015 1 YALO
xx/xx/xx  51495.60 17.807 0.106 16.935 0.017 15.665 0.015 15.347 0.011 15.239 0.015 1 YALO
xx/xx/xx  51496.56 17.672 0.017 16.975 0.014 15.744 0.015 15.321 0.015 15.168 0.015 1 CTIO
xx/xx/xx  51496.66 9999   0     16.952 0.013  9999   0    15.330 0.015 9999    0    1 NTT
xx/xx/xx  51497.54 18.008 0.154 17.094 0.017 15.733 0.015 15.379 0.011 15.196 0.015 1 YALO
xx/xx/xx  51497.55 17.837 0.095 17.109 0.017 15.742 0.015 15.380 0.011 15.211 0.015 1 YALO
xx/xx/xx  51498.54 17.866 0.017 9999    0     9999   0    9999   0     9999    0    1 CTIO
xx/xx/xx  51498.54 17.954 0.109 17.180 0.017 15.773 0.015 15.398 0.011 15.186 0.015 1 YALO
xx/xx/xx  51498.55 17.897 0.120 17.231 0.017 15.778 0.015 15.404 0.011 15.185 0.015 1 YALO
xx/xx/xx  51498.56 17.790 0.024 17.122 0.014 15.830 0.015 15.381 0.015 15.154 0.015 1 CTIO
xx/xx/xx  51498.57 9999   0     17.114 0.014 15.833 0.015 15.386 0.015 15.159 0.015 1 CTIO
xx/xx/xx  51499.56 18.089 0.090 17.235 0.017 15.828 0.015 15.446 0.011 15.178 0.015 1 YALO
xx/xx/xx  51499.57 18.018 0.107 17.243 0.017 15.824 0.015 15.442 0.011 15.181 0.015 1 YALO
xx/xx/xx  51499.66 17.852 0.023 17.186 0.014 15.884 0.015 15.408 0.015 15.152 0.015 1 CTIO
xx/xx/xx  51500.54 17.949 0.093 17.323 0.017 15.875 0.015 15.464 0.011 15.193 0.015 1 YALO
xx/xx/xx  51500.55 18.112 0.131 17.300 0.017 15.891 0.015 15.476 0.011 15.206 0.015 1 YALO
xx/xx/xx  51501.52 17.988 0.134 17.397 0.017 15.927 0.015 15.517 0.011 15.207 0.015 1 YALO
xx/xx/xx  51501.53 18.103 0.128 17.387 0.017 15.941 0.015 15.520 0.011 15.202 0.015 1 YALO
xx/xx/xx  51501.55 18.037 0.030 9999    0     9999   0     9999   0     9999   0    1 CTIO
xx/xx/xx  51501.57 17.976 0.031 17.352 0.014 15.997 0.015 15.494 0.015 15.161 0.015 1 CTIO
xx/xx/xx  51503.52 18.115 0.172 17.525 0.017 16.063 0.015 15.624 0.011 15.272 0.015 1 YALO
xx/xx/xx  51503.53 18.100 0.152 17.495 0.017 16.064 0.015 15.638 0.011 15.274 0.015 1 YALO
xx/xx/xx  51504.53 18.093 0.147 17.566 0.017 16.148 0.015 15.709 0.011 15.358 0.015 1 YALO
xx/xx/xx  51504.54 9999   0     17.587 0.017 16.135 0.015 15.697 0.011 15.335 0.015 1 YALO
xx/xx/xx  51505.52 9999   0     17.671 0.018 16.213 0.015 15.781 0.011 15.423 0.015 1 YALO
xx/xx/xx  51505.53 18.361 0.155 17.644 0.018 16.194 0.015 15.771 0.011 15.417 0.015 1 YALO
xx/xx/xx  51506.55 18.237 0.040 17.611 0.014 16.330 0.015 15.837 0.017 15.428 0.015 1 CTIO
xx/xx/xx  51507.58 9999   0     17.724 0.020 16.323 0.015 15.925 0.011 15.570 0.015 1 YALO
xx/xx/xx  51507.59 9999   0     17.731 0.023 16.357 0.015 15.925 0.011 15.571 0.015 1 YALO
xx/xx/xx  51508.54 18.302 0.113 17.777 0.017 16.381 0.015 15.978 0.011 15.620 0.015 1 YALO
xx/xx/xx  51508.55 9999   0     17.772 0.017 16.385 0.015 15.982 0.011 15.627 0.015 1 YALO
xx/xx/xx  51508.58 18.331 0.030 17.712 0.014 16.433 0.015 15.954 0.015 15.581 0.015 1 CTIO
xx/xx/xx  51509.55 18.333 0.027 17.749 0.014 9999    0    16.008 0.015 15.644 0.015 1 CTIO
xx/xx/xx  51511.56 9999   0     17.857 0.017 16.529 0.015 16.136 0.011 15.825 0.015 1 YALO
xx/xx/xx  51511.57 9999   0     17.892 0.018 16.512 0.015 16.140 0.011 15.807 0.015 1 YALO
xx/xx/xx  51513.59 9999   0     17.956 0.031 16.617 0.015 16.257 0.011 15.955 0.015 1 YALO
xx/xx/xx  51513.60 9999   0     18.005 0.031 16.630 0.015 16.250 0.011 15.963 0.015 1 YALO
xx/xx/xx  51515.59 9999   0     18.026 0.030 16.667 0.015 16.317 0.011 16.044 0.015 1 YALO
xx/xx/xx  51515.60 9999   0     18.012 0.022 16.661 0.015 16.307 0.011 16.006 0.015 1 YALO
xx/xx/xx  51517.53 9999   0     18.002 0.019 16.732 0.015 16.395 0.011 16.106 0.015 1 YALO
xx/xx/xx  51517.54 18.906 0.181 18.004 0.020 16.737 0.015 16.398 0.011 16.128 0.015 1 YALO
xx/xx/xx  51519.53 9999   0     18.076 0.022 16.774 0.015 16.467 0.011 16.212 0.015 1 YALO
xx/xx/xx  51519.54 9999   0     18.092 0.023 16.775 0.015 16.472 0.011 16.206 0.015 1 YALO
xx/xx/xx  51521.58 9999   0     18.110 0.021 16.833 0.015 16.534 0.011 16.287 0.015 1 YALO
xx/xx/xx  51521.59 9999   0     18.106 0.021 16.832 0.015 16.535 0.011 16.266 0.015 1 YALO
#-------------------------------------------------------------------------------------------
#Galactic Extinction (Burstein & Heiles): A_B = 0.00 mag; 1982AJ.....87.1165B 
#Galactic Extinction (Schlegel et al.):   A_B = 0.087 mag; 1998ApJ...500..525S
#E(B-V) = 0.020 mag.
#IC5179 ABg= 0.08 0. ABi= 1.12 0. mu= 33.42 0.10 nel file originale ??
# M.D.  Stritzinger  et al.,  2002, AJ, 124, 2100 
#
#Jun 25, 2003 GA checked
