1999br      51281 1.0  51281 1.0  51281 1.0   51281 1.0  51281 1.0  51281 1.0
 IIpec         9999 .0  9999   .0  9999   .0  17.5   .0  9999   .0  9999   .0
 fit= 0 0 0 0
 NGC4900   ABg= 0.102 .00 ABi= 0.00 .00  mu= 30.97 .30 jd_expl= 51278.0 (nonote)
UBVRIZ  _______________________________________________________________________________________
  Date         JD        U            B          V          R           I            Z        S  notes
xxxxxxxx    51278.     9999  .00    30.  .00   30.   .00   30.    .00   9999  .00   9999  .00  111         
xxxxxxxx    51400.     9999  .00    21.3 .00   20.3  .00   19.4   .00   9999  .00   9999  .00  111         
xxxxxxxx    51473.     9999  .00    22.0 .00   21.0  .00   20.1   .00   9999  .00   9999  .00  111         
 12.4/4/99  51280.9    9999  .00    17.5 .00   9999  .00   17.5   .00   9999  .00   9999  .0   111
#
06.6/1/99   51185.1    9999  .00    9999 .00   9999  .00   18.5   .00   9999  .00   9999  .00  -1  unfilt.
 27.4/3/99  51264.9    9999  .00    9999 .00  18.5   .00   18.5   .00   9999  .00   9999  .0   -1  unfilt.
 04.4/4/99  51272.9    9999  .00    9999 .00  17.0   .00   17.0   .00   9999  .00    9999  .0  -1  unfilt.
 12.4/4/99  51280.9    9999  .00    9999 .00  17.5   .00    9999  .00   9999  .00   9999  .0   11  unfilt.
 13.2/4/99  51281.7    9999  .00    9999 .00  17.5   .00    9999  .00   9999  .00   9999  .0   11  unfilt.
 14.8/4/99  51283.3    9999  .00    9999 .00  17.6   .00    9999  .00   9999  .00   9999  .0    4  unfilt.
 15/4/99    51283.70   9999  .00  17.583 .014 17.615 .019   9999  .00   9999  .00   9999  .00  10 
 16/4/99    51284.72   9999  .00  17.568 .014 17.541 .015   9999  .00  17.295 .015  9999  .00  10 
 17/4/99    51285.71   9999  .00  17.587 .014 17.509 .015  17.343 .015 17.271 .021  9999  .00  10 
#17.5/4/99  51286.04   9999  .00    9999 .00   9999  .00   16.54  .00   9999  .00   9999  .00   6  unfilt.
#18.01/4/99 51286.51   9999  .00    9999 .00   9999  .00   16.6   .00   9999  .00   9999  .00   4  unfilt.
#18.06/4/99 51286.56   9999  .00    9999 .00   9999  .00   16.58  .00   9999  .00   9999  .00   7  unfilt.
 18/4/99    51286.69   9999  .00  17.633 .014 17.544 .015  17.323 .015 17.220 .015  9999  .00  10 
#20.6/4/99  51289.08   9999  .00    9999 .00   9999  .00   16.53  .00   9999  .00   9999  .00   6  unfilt.
 23/4/99    51291.80   9999  .00  17.751 .017 17.496 .016  17.210 .017 17.052 .017  9999  .00  10
 26/4/99    51294.67   9999  .00  17.944 .017 17.513 .017  17.225 .015 17.044 .015  9999  .00  10  
 26/4/99    51294.69   9999  .00  17.921 .016 17.531 .019  17.206 .015 17.029 .015  9999  .00  10
 26/4/99    51294.73  17.848 .035 17.921 .019 17.506 .015  17.240 .016 17.087 .016 16.946 .047 10
 26/4/99    51294.74  17.753 .043 17.963 .018 17.523 .015  17.246 .015 17.075 .015 16.845 .046 10
 26/4/99    51294.75   9999  .00   9999  .00   9999  .00   9999   .00   9999  .00  16.896 .038 10
 26/4/99    51294.75   9999  .00   9999  .00   9999  .00   9999   .00   9999  .00  16.903 .037 10 
 27/4/99    51295.59   9999  .00  18.111 .031 17.549 .029  17.313 .020 17.102 .043  9999  .00  10
 28/4/99    51296.67   9999  .00  18.039 .033 17.641 .035  17.276 .031 17.073 .026  9999  .00  10
 28/4/99    51296.68   9999  .00  18.072 .023 17.605 .023  17.289 .024  9999  .00   9999  .00  10
 01/5/99    51299.48   9999  .00  18.156 .063 17.602 .042  17.265 .025 17.065 .052  9999  .00  10  
#02.6/5/99   51301.10   9999  .00    9999 .00   9999  .00   16.11  .00   9999  .00  9999  .00   6  unfilt.
 03/5/99    51301.51   9999  .00  18.190 .026 17.555 .026  17.230 .016 17.023 .034  9999  .00  10
 03/5/99    51301.53   9999  .00   9999  .00  17.621 .016   9999  .00   9999  .00   9999  .00  10
 03/5/99    51301.54   9999  .00  18.281 .021 17.626 .016  17.258 .015 17.007 .018  9999  .00  10
 03/5/99    51301.61  18.792 .029 18.267 .014 17.613 .015  17.264 .015 17.045 .016 16.890 .015 10
 06/5/99    51304.73   9999  .00  18.369 .020 17.607 .015  17.215 .015 16.977 .017  9999  .00  10
 07/5/99    51305.70  19.037 .031 18.413 .021 17.613 .015  17.237 .015 16.988 .016 16.821 .015 10
 07/5/99    51305.74   9999  .00  18.500 .024 17.609 .015   9999  .00   9999  .00   9999  .00  10 
#07.5/5/99  51305.99   9999  .00    9999 .00   9999  .00   17.8:  .00   9999  .00   9999  .00   6  unfilt.
 08/5/99    51306.66   9999  .00    9999 .00   9999  .00   17.195 .012 16.953 .023  9999  .00  10  
 11/5/99    51309.61   9999  .00  18.594 .020 17.587 .015  17.183 .012 16.869 .018  9999  .00  10
 11/5/99    51309.66   9999  .00  18.514 .017 17.614 .015   9999  .00   9999  .00   9999  .00  10
 11/5/99    51309.66   9999  .00    9999 .00  17.623 .015   9999  .00   9999  .00   9999  .00  10
 11/5/99    51309.67   9999  .00    9999 .00  17.624 .015   9999  .00   9999  .00   9999  .00  10
 11/5/99    51309.73   9999  .00    9999 .00  17.594 .015   9999  .00   9999  .00   9999  .00  10
 11/5/99    51309.74   9999  .00    9999 .00  17.611 .015   9999  .00   9999  .00   9999  .00  10
 11/5/99    51309.75   9999  .00    9999 .00  17.621 .015   9999  .00   9999  .00   9999  .00  10
#12.6/5/99   51311.05   9999  .00    9999 .00   9999  .00   16.01  .00   9999  .00  9999  .00   6  unfilt.  
#15.99/5/99 51314.50   9999  .00    9999 .00   9999  .00   17.94  .00   9999  .00   9999  .00   4  unfilt.
 16/5/99    51314.57   9999  .00  18.651 .020 17.542 .015  17.110 .012 16.885 .029  9999  .00  10
 19/5/99    51317.65  19.643 .035 18.693 .023 17.625 .015  17.140 .015 16.805 .016 16.606 .015 10
 20/5/99    51318.60   9999  .00  18.743 .021 17.565 .015  17.126 .012 16.764 .023  9999  .00  10
21/05/99    51319.65   9999  .00    9999 .00   9999  .00   17.136 .038  9999  .00   9999  .00   3 
 25/5/99    51323.49   9999  .00  18.830 .070 17.595 .039  17.104 .022 16.662 .043  9999  .00  10
#26.816/5/99 51325.32   9999  .00    9999 .00   9999  .00   16.8   .00   9999  .00  9999  .00   2  R-Szabo
# 30/5/99    51328.49   9999  .00  19.127 .103 17.548 .034  17.099 .018 16.729 .037  9999  .00  10  
 30/5/99    51328.49   9999  .00    9999 .103 17.548 .034  17.099 .018 16.729 .037  9999  .00  10  
 01/6/99    51330.49   9999  .00  18.867 .032 17.575 .021  17.062 .013 16.618 .024  9999  .00  10
 06/6/99    51335.49   9999  .00  18.976 .027 17.588 .015  17.069 .012 16.649 .021  9999  .00  10
07/06/99    51337.498 20.491 .294 18.921 .012 17.633 .006  17.020 .007 16.718 .002  9999  .00   9
#08.98/6/99 51338.48   9999  .00    9999 .00   9999  .00   16.9   .00   9999  .00   9999  .00   5  unfilt.
#12.04/6/99 51341.54   9999  .00    9999 .00   9999  .00   15.78  .00   9999  .00   9999  .00   5  unfilt.
 16/6/99    51345.49   9999  .00  19.069 .017 17.572 .026  17.030 .021 16.674 .085  9999  .00  10
# 23/6/99    51352.46   9999  .00  19.266 .068 17.604 .025  17.026 .017 16.515 .029  9999  .00  10
# 23/6/99    51352.46   9999  .00   9999 .068 17.604 .025  17.026 .017 16.515 .029  9999  .00  10
 27/6/99    51356.48   9999  .00  19.155 .058 17.658 .024  17.073 .013 16.574 .021  9999  .00  10
 06/07/99   51366.47  20.823 .368 19.169 .093 17.677 .008  17.037 .010 16.617 .013  9999  .00   8  dubbia U!
 07/07/99   51367.45  21.461 .549 19.175 .032 17.686 .039  16.984 .024 16.655 .014  9999  .00   9
 20/07/99   51380.48  21.011 .306 19.204 .034 17.693 .014  17.043 .024 16.615 .007  9999  .00   8  dubbia U!
 2/4/00     51636.60   9999  .00  23.620 .296 22.589 .229   9999  .00  21.181 .243  9999  .00  10  psffit limite?
 2/4/00     51636.59   9999  .00    9999 .00  22.60  .15    9999  .00   9999  .00   9999  .00  10  sub. templ.*    
 9/4/00     51643.69   9999  .00    9999 .00  22.681 .081   9999  .00   9999  .00   9999  .00  10  sub. templ.
 2/5/00     51666.66  22.23  .52    9999 .00   9999  .00    9999  .00   9999  .00   9999  .00  -10  psffit lim.   
 2/5/00     51666.67   9999  .00    9999 .00   9999  .00   21.980 .051  9999  .00   9999  .00  10  sub. templ.   
 2/5/00     51666.68   9999  .00    9999 .00   9999  .00    9999  .00   9999  .00  20.811 .063 10  psffit
 01/02/01    51941.87   9999  .00    9999 .00  23.458 .390  23.673 .604  9999  .00   9999  .00 -3  limiti    
###################################################################################### 
# 0 = iauc7141 ; 1 = iauc7143 ; 2 = iauc7193 ; 3 = E3.6+EF2 ; 8 = Dan+DFOSC ; 9 = TNG+OIG
# 4 = www.ggw.org/asras/snimages/ ; 
# 5 = www.kusastro.kyoto-u.ac.jp/vsnet/Mail/recent16000/msg00686.html
# 6 = ftp.kusastro.kyoto-u.ac.jp/pub/vsnet/VSOLJ/database/stars/SN1999br.jd (VSOLJ data)
# 7 = kusastro.kyoto-u.ac.jp/pub/vsnet/VSOLJ/database/stars/SN1999br.jd (VSOLJ data)
# 8 = PI/CoI     Maza/ Hamuy/ Perez/ Galaz/ Pinto 
# 9 = PI/CoI     Maza/ Sabbey/ Coppi/ Lopez 
# 10 = dati Hamuy
# verificare archivio AAT!!!
##################################################################################### 
# CALIBRATA SU LOCAL SEQUENCE DI HAMUY (18/6/2001) 
#####################################################################################
#mu= 30.98  (da H=65, v(he)=1021) old!!!
#############################################
# osservazioni da ridurre o altri osservatori
##25/4/99  VLT   Isaac   spec    8
##29/4/99  NTT  EMMI     spec    8
##03/5/99  Ntt   EMMI    ph+spec 8
##05/5/99  VLT   Isaac   J       8
##07/5/99  Ntt   EMMI
##19/5/99  Ntt   Emmi   ph+spec  8
##02/4/00   NTT  EMMI   phot.BVI 9
##09/4/00   NTT  EMMI   phot. V  9
##02/5/00   NTT  EMMI   phot.URZ 9
##04/1/01   ESOWFI      phot BRI  
##############################################
# riduzione Luca Errata
##21/05/99  51320.52 9999 .00  9999 .00  9999 .00  16.19 .00  9999 .00 3 ap-mag!!LRbad!!!
##############################################
# aggiornamento 13/4/2001
# * immagini inguardabili; stima incerta...
#############unfiltered data
06.6/1/99  51185.1    9999  .00    9999 .00   9999  .00   18.5   .00   9999  .00   9999  .00  -1  unfilt.
27.4/3/99   51264.9    9999  .00    9999 .00   9999  .00   18.5   .00   9999  .00   9999  .00  -1  unfilt.
04.4/4/99   51272.9    9999  .00    9999 .00   9999  .00   17.0   .00   9999  .00   9999  .00  -1  unfilt.
12.4/4/99   51280.9    9999  .00    9999 .00   9999  .00   17.5   .00   9999  .00   9999  .00   0  unfilt.
13.2/4/99   51281.7    9999  .00    9999 .00   9999  .00   17.5   .00   9999  .00   9999  .00   0  unfilt.
#14.8/4/99   51283.3    9999  .00    9999 .00   9999  .00   17.6   .00   9999  .00   9999  .00   4  unfilt.
