2008ax   IIb
NGC4490 ABg= 0.09 0.0  ABi= 1.64  .3  mu= 29.92 0.29   jd_expl= 54528.8 (dist da hyperleda vvir =797km/s e H=72  29.92 0.29)
----------------------------------------------------------------------------------------------
UBVRI  JD_max  54545.9 0.4  54547.7 0.5   54549.2 0.5    54549.8 0.5  54550.7 0.6  
        m_max  14.65    0.02   14.3   .00     13.6    .00  13.2 0.00 12.8   .00
Date          JD      U          B         V          R           I                  S
 xxxxxx  54529.    99999 0.00 30.   0.0  30.   0.0  30.   0.0   9999 0.0   111 
 xxxxxx  54724.    99999 0.00 18.7  0.0  17.9  0.0  17.1  0.0   9999 0.0   111 
#
08/03/08 54533.59  99999 0.00 16.57 0.02 15.66 0.02 15.11 0.02 14.93 0.02  0    CalarAlto+CAFOS(color eq 03/04) 
12/03/08 54537.53  99999 0.00 15.34 0.02 14.71 0.01 14.31 0.01 14.06 0.01  0    Ekar1.8+AFOSC (color eq 03/04)
14/03/08 54539.67  14.60 0.20 14.83 0.04 14.25 0.03 13.97 0.03 13.72 0.02  0    TNG+DOLORES (color eq 10/05)
16/03/08 54541.42  99999 0.00 14.47 0.03 13.98 0.02 13.70 0.01 13.43 0.02  0    CalarAlto+CAFOS(color eq 03/04) 
28/03/08 54554.47  14.73 0.30 99999 0.00 13.75 0.01 13.30 0.06 12.93 0.02  0    Ekar1.8+AFOSC (color eq 03/04) 
30/03/08 54556.44  15.61 0.05 14.95 0.03 13.94 0.02 13.39 0.02 12.99 0.01  0   Ekar1.8+AFOSC (color eq 03/04)
03/04/08 54559.50  16.64 0.06 15.49 0.02 14.21 0.01 13.58 0.01 13.14 0.01  0    Ekar1.8+AFOSC  
03/04/08 54560.60  99999 0.00 15.69 0.02 14.31 0.01 13.62 0.02 13.23 0.02  0	  CalarAlto+CAFOS
04/04/08 54561.56  99999 0.00 15.79 0.02 14.36 0.01 13.67 0.02 13.24 0.01  0    CalarAlto+CAFOS   
12/04/08 54569.35  99999 0.00 16.18 0.02 14.77 0.01 14.03 0.02 13.48 0.02  0    CalarAlto+CAFOScr
15/04/08 54571.75  99999 0.00 16.24 0.05 14.82 0.04 14.15 0.03 13.54 0.03  0    TNG+DOLORES (color eq 10/05)
25/04/08 54582.35  99999 0.00 16.48 0.02 15.10 0.01 14.43 0.01 13.83 0.01  0	  CalarAlto+CAFOS(color eq 03/04)
#01/05/08 54588.47 99999 0.00 16.56 0.010 15.261 0.008 14.562 0.008 13.935 0.004  0	  CalarAlto+CAFOS (color eq 03/04)
01/05/08 54588.47  99999 0.00 16.53 0.01 15.21 0.01 14.56 0.01 13.93 0.01  0	  CalarAlto+CAFOS (color eq 03/04)
02/05/08 54589.38  99999 0.00 16.53 0.02 15.23 0.01 14.62 0.02 13.95 0.01  0	  Ekar1.8+AFOSC (color eq 03/04)
10/05/08 54597.39  17.32 0.10 16.69 0.02 15.38 0.01 14.83 0.02 14.10 0.04  0    TNG+DOLORES
#11/06/08 54628.5  17.54 0.041 17.165 0.026 15.992 0.021 15.519 0.018 14.781 0.008  0    TNG+DOLORES
11/06/08 54629.48  17.54 0.04 17.02 0.04 15.99 0.03 15.46 0.03 14.77 0.02  0    TNG+DOLORES
27/06/08 54645.37  99999 0.00 17.36 0.02 16.39 0.03 15.85 0.03 15.11 0.03  0    CalarAlto+CAFOScr 
05/07/08 54653.41  99999 0.00 17.45 0.02 16.57 0.02 15.95 0.02 15.22 0.02  0    CalarAlto+CAFOScr 
24/07/08 54672.39  18.36 0.08 17.84 0.02 17.00 0.01 16.34 0.02 15.50 0.03  0    Ekar1.8+AFOSCcr
#24/07/08 54672.39  18.734 0.308 17.699 0.030 16.924 0.015 16.266 0.009 15.512 0.010 0    Ekar1.8+AFOSCcr
#24/11/08 54794.69  0.000 0.00 19.705 0.173 19.583 0.087 18.050 0.012 17.946 0.026   0    TNG+DOLORES
#24/11/08 54794.69  0.000 0.00 19.705 0.173 19.283 0.087 18.199 0.012 18.047 0.026   0    TNG+DOLORES
24/11/08 54794.69  99999 0.00 19.89 0.05 19.40 0.03 18.25 0.03 18.24 0.07  0    TNG+DOLORES
21/12/08 54822.76  99999 0.00 20.53 0.12 19.85 0.04 18.62 0.02 18.60 0.05  0    TNG+DOLORES
19/02/09 54881.54  99999 0.00 21.35 0.09  20.81 0.05 19.62 0.11 19.74 0.09  0    CalarAlto+CAFOS
#
#
#
6/3/08  54531.584  9999 0.000 17.323 0.164 16.290 0.060 9999 0.000 9999 0.000 1
7/3/08  54532.547  9999 0.000 17.021 0.028 15.952 0.041 9999 0.000 9999 0.000 1
8/3/08  54533.527  9999 0.000 16.548 0.027 15.528 0.010 9999 0.000 9999 0.000 1
9/3/08  54534.566  9999 0.000 16.082 0.015 15.270 0.006 9999 0.000 9999 0.000 1
10/3/08 54535.603  9999 0.000 15.766 0.014 14.983 0.007 9999 0.000 9999 0.000 1
10/3/08 54536.487  9999 0.000 15.545 0.017 14.819 0.010 9999 0.000 9999 0.000 1
11/3/08 54537.465  9999 0.000 15.264 0.007 14.592 0.005 9999 0.000 9999 0.000 1
14/3/08 54540.421  9999 0.000 14.695 0.005 14.133 0.003 9999 0.000 9999 0.000 1
15/3/08 54541.427  9999 0.000 14.538 0.004 14.005 0.005 9999 0.000 9999 0.000 1
18/3/08 54543.547  9999 0.000 14.354 0.004 13.808 0.003 9999 0.000 9999 0.000 1
18/3/08 54544.364  9999 0.000 14.338 0.004 13.714 0.002 9999 0.000 9999 0.000 1
21/3/08 54547.358  9999 0.000 14.165 0.006 13.546 0.004 9999 0.000 9999 0.000 1
28/3/08 54554.367  9999 0.000 14.545 0.004 13.657 0.003 9999 0.000 9999 0.000 1
31/3/08 54556.560  9999 0.000 14.877 0.003 13.837 0.002 9999 0.000 9999 0.000 1
31/4/08 54557.370  9999 0.000 15.060 0.006 13.915 0.003 9999 0.000 9999 0.000 1
01/4/08 54558.342  9999 0.000 15.254 0.013 13.996 0.007 9999 0.000 9999 0.000 1
03/4/08 54560.481  9999 0.000 15.460 0.007 14.168 0.003 9999 0.000 9999 0.000 1
05/4/08 54561.748  9999 0.000 15.587 0.005 14.244 0.004 9999 0.000 9999 0.000 1
05/4/08 54562.377  9999 0.000 15.636 0.008 14.346 0.007 9999 0.000 9999 0.000 1
12/4/08 54569.366  9999 0.000 16.066 0.008 14.687 0.007 9999 0.000 9999 0.000 1
14/4/08 54571.367  9999 0.000 16.133 0.011 14.741 0.006 9999 0.000 9999 0.000 1
15/4/08 54572.367  9999 0.000 16.162 0.013 14.796 0.006 9999 0.000 9999 0.000 1
16/4/08 54573.382  9999 0.000 16.177 0.005 14.832 0.006 9999 0.000 9999 0.000 1
18/4/08 54575.361  9999 0.000 16.231 0.016 14.867 0.005 9999 0.000 9999 0.000 1
19/4/08 54576.369  9999 0.000 16.255 0.009 14.903 0.005 9999 0.000 9999 0.000 1
20/4/08 54577.403  9999 0.000 16.288 0.009 14.930 0.005 9999 0.000 9999 0.000 1
21/4/08 54578.374  9999 0.000 16.293 0.014 14.941 0.005 9999 0.000 9999 0.000 1
22/4/08 54579.381  9999 0.000 16.293 0.010 14.961 0.007 9999 0.000 9999 0.000 1
09/5/08 54596.371  9999 0.000 16.554 0.016 15.324 0.007 9999 0.000 9999 0.000 1
12/5/08 54599.383  9999 0.000 16.571 0.013 15.376 0.006 9999 0.000 9999 0.000 1
#
00/00/00 54532.51  9999 0.000 17.25 0.08 15.92 0.03 15.35 0.04 15.09 0.04 2 S50
00/00/00 54537.59  9999 0.000 15.22 0.02 14.54 0.02 14.19 0.03 13.84 0.04 2 S50
00/00/00 54541.37 14.43 0.06 14.46 0.03 13.88 0.03 13.67 0.05 13.37 0.03 2 S50
00/00/00 54544.42 14.09 0.06 14.22 0.02 13.68 0.02 13.36 0.03 13.06 0.02 2 S50
00/00/00 54546.39 14.06 0.06 14.13 0.02 13.56 0.02 13.24 0.04 12.93 0.02 2 S50
00/00/00 54551.31 14.33 0.06 14.19 0.02 13.41 0.02 13.08 0.03 12.73 0.03 2 S50
00/00/00 54552.53 14.56 0.05 14.25 0.02 13.45 0.01 13.07 0.02 12.73 0.02 2 S50
00/00/00 54553.43 15.07 0.12 14.38 0.05 13.58 0.04 13.10 0.07 12.80 0.03 2 S50
00/00/00 54555.52 15.21 0.08 14.67 0.06 13.64 0.05 13.12 0.06 12.86 0.05 2 S50
00/00/00 54556.42 15.60 0.08 14.82 0.05 13.77 0.05 13.32 0.05 12.87 0.05 2 S50
00/00/00 54557.41 15.87 0.07 15.02 0.02 13.87 0.02 13.27 0.05 12.90 0.03 2 S50
00/00/00 54563.40 17.27 0.13 15.77 0.04 14.39 0.03 13.76 0.05 13.19 0.04 2 S50
00/00/00 54564.47 9999 0.000 15.81 0.07 14.41 0.03 13.75 0.03 13.18 0.03 2 S50
00/00/00 54570.37 9999 0.000 16.21 0.10 14.71 0.02 14.05 0.05 13.40 0.03 2 S50
00/00/00 54579.38 9999 0.000 16.45 0.04 14.97 0.02 14.33 0.02 13.68 0.03 2 M70
00/00/00 54583.33 9999 0.000 16.52 0.05 15.07 0.03 14.46 0.03 13.79 0.04 2 M70
00/00/00 54585.35 9999 0.000 16.49 0.05 15.05 0.03 14.42 0.03 13.77 0.04 2 M70
00/00/00 54590.30 9999 0.000 16.62 0.05 15.20 0.03 14.59 0.03 13.89 0.03 2 M70
00/00/00 54601.47 9999 0.000 16.84 0.09 15.41 0.04 14.86 0.04 14.08 0.03 2 S50
00/00/00 54602.34 9999 0.000 16.99 0.04 15.50 0.03 14.89 0.02 14.17 0.03 2 M70
00/00/00 54613.32 9999 0.000 16.91 0.04 15.65 0.02 15.08 0.02 14.35 0.03 2 M70
00/00/00 54616.41 9999 0.000 17.03 0.04 15.69 0.03 15.08 0.04 14.35 0.04 2 S50
00/00/00 54623.33 9999 0.000 16.96 0.05 15.87 0.03 15.31 0.02 14.56 0.03 2 M70
00/00/00 54628.44 9999 0.000 17.25 0.10 16.00 0.03 15.45 0.03 14.60 0.04 2 S50
00/00/00 54643.34 9999 0.000 9999 0.000 16.37 0.03 15.73 0.03 14.97 0.06 2 C50
00/00/00 54644.32 9999 0.000 9999 0.000 16.35 0.03 15.75 0.03 15.07 0.11 2 C50
00/00/00 54647.31 9999 0.000 9999 0.000 16.35 0.04 15.80 0.03 9999 0.000 2 C50
00/00/00 54647.31 9999 0.000 17.53 0.05 16.41 0.02 15.85 0.02 15.00 0.04 2 C100
00/00/00 54649.30 9999 0.000 9999 0.000 16.41 0.03 15.83 0.03 9999 0.000 2 C50
00/00/00 54656.30 9999 0.000 9999 0.000 16.63 0.02 15.98 0.03 9999 0.000 2 C50
00/00/00 54658.30 9999 0.000 9999 0.000 16.63 0.10 16.00 0.05 9999 0.000 2 C50
00/00/00 54660.33 9999 0.000 9999 0.000 16.67 0.04 16.07 0.03 15.49 0.10 2 C60
00/00/00 54674.34 9999 0.000 18.25 0.14 17.01 0.06 16.33 0.04 15.55 0.03 2 S50
00/00/00 54675.32 9999 0.000 9999 0.000 17.01 0.04 16.45 0.07 15.73 0.08 2 S50
00/00/00 54677.32 9999 0.000 9999 0.000 17.19 0.05 16.36 0.05 15.60 0.05 2 S50
00/00/00 54679.32 9999 0.000 9999 0.000 17.31 0.07 16.52 0.06 15.73 0.16 2 S50
00/00/00 54699.28 9999 0.000 9999 0.000 17.57 0.20 16.78 0.07 9999 0.000 2 M70
00/00/00 54720.24 9999 0.000 9999 0.000 9999 0.000 16.99 0.07 9999 0.000 2 C60
00/00/00 54781.63 9999 0.000 9999 0.000 9999 0.000 17.90 0.05 9999 0.000 2 C60
00/00/00 54783.62 9999 0.000 9999 0.000 18.98 0.07 18.18 0.06 9999 0.000 2 C60
00/00/00 54855.05 9999 0.000 20.90 0.18 20.45 0.07 19.22 0.03 18.77 0.03 2 F200
#
#
00/00/00 54530.5  17.21 0.10 17.61 0.13 99999 0000 9999 0.000 9999 0.000 3 swift
00/00/00 54532.9  17.96 0.16 17.10 0.08 15.97 0.07 9999 0.000 9999 0.000 3 swift
00/00/00 54538.4  15.22 0.05 15.25 0.05 14.56 0.05 9999 0.000 9999 0.000 3 swift
00/00/00 54540.2  14.69 0.05 14.88 0.05 14.27 0.05 9999 0.000 9999 0.000 3 swift
00/00/00 54544.1  14.17 0.05 14.49 0.05 13.91 0.04 9999 0.000 9999 0.000 3 swift
00/00/00 54546.6  14.06 0.04 14.32 0.04 13.72 0.04 9999 0.000 9999 0.000 3 swift
00/00/00 54550.1  14.52 0.05 14.38 0.04 99999 0000 9999 0.000 9999 0.000 3 swift
00/00/00 54553.8  15.23 0.05 14.66 0.05 13.76 0.04 9999 0.000 9999 0.000 3 swift
00/00/00 54555.6  15.82 0.06 15.04 0.05 14.02 0.04 9999 0.000 9999 0.000 3 swift
00/00/00 54561.2  17.06 0.11 15.75 0.05 14.41 0.05 9999 0.000 9999 0.000 3 swift
00/00/00 54564.1  17.32 0.12 15.99 0.05 14.67 0.05 9999 0.000 9999 0.000 3 swift
00/00/00 54567.8  17.49 0.12 16.24 0.06 14.84 0.05 9999 0.000 9999 0.000 3 swift
00/00/00 54572.0  17.65 0.13 16.43 0.06 14.97 0.07 9999 0.000 9999 0.000 3 swift
00/00/00 54574.0  17.68 0.13 16.50 0.06 15.07 0.06 9999 0.000 9999 0.000 3 swift
00/00/00 54575.5  17.62 0.13 16.50 0.06 15.09 0.05 9999 0.000 9999 0.000 3 swift
00/00/00 54578.8  17.67 0.13 16.54 0.06 15.22 0.05 9999 0.000 9999 0.000 3 swift
00/00/00 54582.2  17.59 0.13 16.56 0.06 15.27 0.05 9999 0.000 9999 0.000 3 swift
##########################################################################################
rigz  JD_MAX   54551.1 .5  54551.6 .6  54549.3 .6  54553.1 1.0 
         m_max     13.38  0.03  13.26  0.02  13.95  0.02  13.28  0.03
  Date    JD                   r            i               g             z        S  notes
 3/3/08  54528.695  19.52  0.000   9999  0.000    9999  0.0     9999  0.0   -3   Arbour
 4/3/08  54529.670  16.210 0.188   9999  0.000    9999  0.0     9999  0.0    4   Wiethoff
 4/3/08  54529.676  16.220 0.200   9999  0.000    9999  0.0     9999  0.0    4   Wiethoff
 4/3/08  54529.686  16.192 0.195   9999  0.000    9999  0.0     9999  0.0    4   Wiethoff
 4/3/08  54530.116  16.272 0.090   9999  0.000    9999  0.0     9999  0.0    2   Itagaki
 4/3/08  54530.123  16.285 0.127   9999  0.000    9999  0.0     9999  0.0    2   Itagaki
 4/3/08  54530.129  16.282 0.109   9999  0.000    9999  0.0     9999  0.0    2   Itagaki
 4/3/08  54530.132  16.277 0.127   9999  0.000    9999  0.0     9999  0.0    2   Itagaki
 4/3/08  54530.138  16.271 0.078   9999  0.000    9999  0.0     9999  0.0    2   Itagaki
 4/3/08  54530.145  16.264 0.110   9999  0.000    9999  0.0     9999  0.0    2   Itagaki
 4/3/08  54530.152  16.259 0.088   9999  0.000    9999  0.0     9999  0.0    2   Itagaki
 4/3/08  54530.154  16.261 0.145   9999  0.000    9999  0.0     9999  0.0    2   Itagaki
 4/3/08  54530.162  16.255 0.079   9999  0.000    9999  0.0     9999  0.0    2   Itagaki
 4/3/08  54530.178  16.252 0.108   9999  0.000    9999  0.0     9999  0.0    2   Itagaki
 4/3/08  54530.249  16.249 0.104   9999  0.000    9999  0.0     9999  0.0    2   Itagaki
 4/3/08  54530.250  16.239 0.084   9999  0.000    9999  0.0     9999  0.0    2   Itagaki
 4/3/08  54530.291  16.229 0.141   9999  0.000    9999  0.0     9999  0.0    2   Itagaki
 6/3/08  54531.584  15.826 0.056  15.867 0.055    9999  0.0     9999  0.0    1   xxx
 6/3/08  54532.029  15.795 0.167   9999  0.000    9999  0.0     9999  0.0    2   Itagaki
 7/3/08  54532.547  15.509 0.024  15.576 0.027    9999  0.0     9999  0.0    1   xxx
 7/3/08  54533.407   9999  0.000   9999  0.000    9999  0.0     9999  0.0    3   Arbour
 8/3/08  54533.527  15.233 0.019  15.258 0.017    9999  0.0     9999  0.0    1   xxx
 8/3/08  54534.039  15.172 0.135   9999  0.000    9999  0.0     9999  0.0    2   Itagaki
 9/3/08  54534.566  14.974 0.012  15.012 0.011    9999  0.0     9999  0.0    1   xxx
 10/3/08 54535.603  14.778 0.012  14.771 0.009    9999  0.0     9999  0.0    1   xxx
 10/3/08 54536.053  14.751 0.083   9999  0.000    9999  0.0     9999  0.0    2   Itagaki
 10/3/08 54536.059  14.747 0.109   9999  0.000    9999  0.0     9999  0.0    2   Itagaki
 10/3/08 54536.487  14.654 0.016  14.624 0.014    9999  0.0     9999  0.0    1   xxx
 11/3/08 54537.206  14.536 0.114   9999  0.000    9999  0.0     9999  0.0    2   Itagaki
 11/3/08 54537.211  14.535 0.099   9999  0.000    9999  0.0     9999  0.0    2   Itagaki
 11/3/08 54537.465  14.416 0.013  14.461 0.013    9999  0.0     9999  0.0    1   xxx
 12/3/08 54538.008  14.356 0.136   9999  0.000    9999  0.0     9999  0.0    2   Itagaki
 12/3/08 54538.134  14.334 0.129   9999  0.000    9999  0.0     9999  0.0    2   Itagaki
 13/3/08 54538.508   9999  0.000   9999  0.000    9999  0.0     9999  0.0    3   Arbour
 14/3/08 54540.421  14.007 0.012  13.932 0.010    9999  0.0     9999  0.0    1   xxx
 15/3/08 54541.427  13.907 0.014  13.856 0.013    9999  0.0     9999  0.0    1   xxx
 16/3/08 54541.674  13.818 0.121   9999  0.000    9999  0.0     9999  0.0    4   Wiethoff
 17/3/08 54543.238  13.718 0.126   9999  0.000    9999  0.0     9999  0.0    2   Itagaki
 18/3/08 54543.547  13.710 0.012  13.633 0.011    9999  0.0     9999  0.0    1   xxx
 18/3/08 54544.071  13.669 0.112   9999  0.000    9999  0.0     9999  0.0    2   Itagaki
 18/3/08 54544.253  13.660 0.129   9999  0.000    9999  0.0     9999  0.0    2   Itagaki
 18/3/08 54544.364  13.677 0.011  13.546 0.010    9999  0.0     9999  0.0    1   xxx
 19/3/08 54545.350   9999  0.000   9999  0.000    9999  0.0     9999  0.0    3   Arbour
 21/3/08 54546.966  13.468 0.113   9999  0.000    9999  0.0     9999  0.0    2   Itagaki
 21/3/08 54547.358  13.448 0.011  13.345 0.010    9999  0.0     9999  0.0    1   xxx
 22/3/08 54548.145  13.448 0.096   9999  0.000    9999  0.0     9999  0.0    2   Itagaki
 27/3/08 54553.391   9999  0.000   9999  0.000    9999  0.0     9999  0.0    3   Arbour
 28/3/08 54553.600  13.420 0.127   9999  0.000    9999  0.0     9999  0.0    4   Wiethoff
 28/3/08 54553.716  13.413 0.100   9999  0.000    9999  0.0     9999  0.0    4   Wiethoff
 28/3/08 54554.367  13.406 0.011  13.270 0.010    9999  0.0     9999  0.0    1   xxx
 29/3/08 54554.692  13.415 0.123   9999  0.000    9999  0.0     9999  0.0    4   Wiethoff
 29/3/08 54555.168  13.448 0.118   9999  0.000    9999  0.0     9999  0.0    2   Itagaki
 29/3/08 54555.474   9999  0.000   9999  0.000    9999  0.0     9999  0.0    1   xxx
 30/3/08 54556.363   9999  0.000   9999  0.000    9999  0.0     9999  0.0    3   Arbour
 31/3/08 54556.560  13.578 0.011  13.371 0.009    9999  0.0     9999  0.0    1   xxx
 31/4/08 54557.370  13.642 0.011  13.398 0.015    9999  0.0     9999  0.0    1   xxx
 01/4/08 54558.342  13.680 0.018  13.428 0.018    9999  0.0     9999  0.0    1   xxx  
 03/4/08 54560.481  13.821 0.013  13.525 0.018    9999  0.0     9999  0.0    1   xxx
 04/4/08 54560.837  13.863 0.086   9999  0.000    9999  0.0     9999  0.0    4   Wiethoff
 04/4/08 54561.085  13.877 0.075   9999  0.000    9999  0.0     9999  0.0    2   Itagaki
 04/4/08 54561.403   9999  0.000   9999  0.000    9999  0.0     9999  0.0    3   Arbour
 05/4/08 54561.748  13.902 0.012  13.567 0.011    9999  0.0     9999  0.0    1   xxx
 05/4/08 54562.160  13.935 0.106   9999  0.000    9999  0.0     9999  0.0    2   Itagaki
 05/4/08 54562.377  13.962 0.012  13.621 0.011    9999  0.0     9999  0.0    1   xxx
 06/4/08 54563.071  14.017 0.063   9999  0.000    9999  0.0     9999  0.0    2   Itagaki
 07/4/08 54564.378   9999  0.000   9999  0.000    9999  0.0     9999  0.0    3   Arbour
 09/4/08 54566.352   9999  0.000   9999  0.000    9999  0.0     9999  0.0    3   Arbour
 11/4/08 54568.018  14.251 0.074   9999  0.000    9999  0.0     9999  0.0    2   Itagaki
 12/4/08 54569.366  14.305 0.011  13.895 0.009    9999  0.0     9999  0.0    1   xxx
 14/4/08 54571.178  14.387 0.121   9999  0.000    9999  0.0     9999  0.0    2   Itagaki
 14/4/08 54571.367  14.401 0.012  13.972 0.010    9999  0.0     9999  0.0    1   xxx
 14/4/08 54571.414   9999  0.000   9999  0.000    9999  0.0     9999  0.0    3   Arbour
 15/4/08 54572.367  14.423 0.014  13.992 0.039    9999  0.0     9999  0.0    1   xxx
 16/4/08 54573.382  14.436 0.013  14.012 0.015    9999  0.0     9999  0.0    1   xxx
 18/4/08 54575.361  14.482 0.011  14.065 0.010    9999  0.0     9999  0.0    1   xxx
 19/4/08 54576.369  14.528 0.013  14.096 0.011    9999  0.0     9999  0.0    1   xxx
 20/4/08 54577.403  14.571 0.011  14.124 0.010    9999  0.0     9999  0.0    1   xxx
 21/4/08 54578.374  14.586 0.016  14.147 0.013    9999  0.0     9999  0.0    1   xxx
 22/4/08 54579.381  14.607 0.011  14.160 0.016    9999  0.0     9999  0.0    1   xxx
 23/4/08 54580.387   9999  0.000   9999  0.000    9999  0.0     9999  0.0    3   Arbour
 25/4/08 54581.503   9999  0.000   9999  0.000    9999  0.0     9999  0.0    1   xxx
 30/4/08 54586.683  14.800 0.014   9999  0.000    9999  0.0     9999  0.0    1   xxx
 01/4/08 54588.469   9999  0.000   9999  0.000    9999  0.0     9999  0.0    3   Arbour
 06/5/08 54593.404   9999  0.000   9999  0.000    9999  0.0     9999  0.0    3   Arbour
 08/5/08 54594.780  14.985 0.059   9999  0.000    9999  0.0     9999  0.0    4   Wiethoff
 09/5/08 54596.371  15.033 0.012  14.583 0.010    9999  0.0     9999  0.0    1   xxx
 12/5/08 54599.383  15.100 0.011  14.611 0.012    9999  0.0     9999  0.0    1   xxx
  xxx    54530.70   15.990 0.039   16.194 0.055  16.756 0.053  16.127 0.133  5   palomar
  xxx    54530.79   16.034 0.076   16.185 0.038  16.802 0.089  16.093 0.031  5   palomar
  xxx    54530.90   16.037 0.055   16.184 0.078  16.765 0.076   9999  0.000  5   palomar
  xxx    54531.70   15.792 0.050   15.946 0.085  16.615 0.030  15.884 0.056  5   palomar
  xxx    54531.79   15.781 0.048   15.997 0.126  16.657 0.139  15.837 0.087  5   palomar
  xxx    54531.87   15.806 0.103   15.950 0.066  16.634 0.098  15.874 0.118  5   palomar
  xxx    54531.96   15.785 0.039   16.006 0.105  16.614 0.033  15.817 0.026  5   palomar
  xxx    54532.04    9999  0.000    9999  0.000  16.587 0.060   9999  0.000  5   palomar
  xxx    54533.03   15.395 0.129    9999  0.000  16.277 0.102   9999  0.000  5   palomar
  xxx    54533.69   15.265 0.109   15.377 0.099  15.992 0.072   9999  0.000  5   palomar
  xxx    54533.78   15.206 0.085   15.359 0.104  16.004 0.053  15.190 0.085  5   palomar
  xxx    54533.86    9999  0.000    9999  0.000  16.012 0.079   9999  0.000  5   palomar
  xxx    54536.68   14.745 0.227   14.678 0.087  15.236 0.043  14.451 0.080  5   palomar
  xxx    54537.77   14.443 0.025   14.451 0.095  14.965 0.084  14.362 0.131  5   palomar
  xxx    54538.68   14.342 0.034   14.344 0.067  14.888 0.059  14.283 0.124  5   palomar
  xxx    54539.68   14.257 0.034   14.186 0.075  14.689 0.053  14.061 0.085  5   palomar
  xxx    54543.67   13.749 0.102   13.641 0.132  14.145 0.181  13.503 0.375  5   palomar
  xxx    54544.66   13.714 0.083   13.564 0.062  14.147 0.050  13.561 0.052  5   palomar
  xxx    54545.87   13.608 0.061   13.533 0.037    9999 0.000  13.537 0.068  5   palomar
  xxx    54546.66    9999  0.000    9999  0.000    9999 0.000  13.449 0.056  5   palomar
  xxx    54549.65   13.436 0.030   13.366 0.069  13.971 0.050  13.456 0.338  5   palomar
  xxx    54550.65   13.458 0.094   13.315 0.126  14.025 0.122  13.396 0.228  5   palomar
  xxx    54551.64   13.454 0.149   13.322 0.075  13.981 0.019  13.274 0.046  5   palomar
  xxx    54552.68   13.420 0.033   13.259 0.123  14.034 0.038  13.312 0.238  5   palomar
  xxx    54553.64   13.429 0.092   13.287 0.144  14.117 0.049  13.276 0.095  5   palomar
  xxx    54554.66   13.471 0.047   13.328 0.098  14.161 0.062  13.325 0.087  5   palomar
  xxx    54556.75   13.574 0.056   13.380 0.110  14.391 0.111   9999  0.000  5   palomar
  xxx    54557.64   13.658 0.118   13.432 0.127  14.515 0.049  13.383 0.041  5   palomar
  xxx    54558.63   13.701 0.020   13.528 0.082  14.676 0.097  13.489 0.115  5   palomar
  xxx    54559.70   13.759 0.122   13.482 0.035  14.669 0.049   9999  0.000  5   palomar
  xxx    54560.63   13.856 0.109   13.566 0.068  14.828 0.074   9999  0.000  5   palomar  
  xxx    54592.82   14.896 0.038   14.548 0.049  15.888 0.037  14.070 0.056  5   palomar
  xxx    54594.72   14.958 0.045   14.590 0.056  15.910 0.052  14.094 0.058  5   palomar
  xxx    54596.73   15.041 0.102   14.627 0.053  15.920 0.034  14.137 0.041  5   palomar
#
#
#
#___________________________________________________________________________________________
JHK          JD_max     54553.6    0.4    54555.3  02    54555.8  0.2                           
            m_max       12.4     0    12.2 0      12.0   0    
Date         JD           J             H            K           S                  
 13/03/08   54539.61   13.406 0.044  13.155 0.025  12.947 0.065  0  NICS
 20/03/08   54546.57   12.724 0.052  12.551 0.057  12.346 0.061  0  CI
 28/03/08   54554.56   12.428 0.051  12.235 0.051  12.014 0.051  0  CI
 29/03/08   54555.48   12.503 0.051  12.228 0.053  12.049 0.059  0  CI
 31/03/08   54557.48   12.495 0.051  12.256 0.052  12.051 0.053  0  CI
 01/04/08   54558.44   12.550 0.054  12.288 0.053  12.091 0.053  0  CI
 07/04/08   54564.38   12.741 0.052  12.410 0.056  12.216 0.056  0  CI
 12/04/08   54569.49   12.954 0.052  12.607 0.059  12.478 0.057  0  CI
 14/04/08   54571.48   13.012 0.033  12.661 0.044  12.529 0.067  0  NICS
 11/06/08   54629.54   15.170 0.032  14.462 0.022  14.274 0.013  0  NICS
 11/07/08   54659.42   16.032 0.026  15.304 0.016  15.185 0.030  0  NICS
#___________________________________________________________________________________________
ASD          JD_max    54545.6 5  54546.3 1.4     54549.1 5                            
             m_max     15.9 0.05   17.47 0.09   18.46 0.35                 
Date         JD             A         S         D 
00/00/08    54530.5    18.95  0.30   9999 0.00  9999 0.00   3  UVOT
00/00/08    54538.4    17.08  0.09   9999 0.00  9999 0.00   3  UVOT
00/00/08    54540.2    16.61  0.09  17.98 0.16  9999 0.00   3  UVOT
00/00/08    54544.1    15.98  0.06  17.61 0.10 19.20 0.40   3  UVOT
00/00/08    54546.6    15.94  0.06  17.51 0.11 18.64 0.34   3  UVOT
00/00/08    54550.1    16.45  0.08  17.84 0.20  9999 0.00   3  UVOT
00/00/08    54553.8    17.10  0.10  18.50  0.20 9999 0.00   3  UVOT
00/00/08    54555.6    17.08  0.09   9999 0.00  9999 0.00   3  UVOT
00/00/08    54561.2    18.88  0.41   9999 0.00  9999 0.00   3  UVOT
00/00/08    54564.1    18.46  0.25   9999 0.00  9999 0.00   3  UVOT
00/00/08    54567.8    19.16  0.37   9999 0.00  9999 0.00   3  UVOT
00/00/08    54572.0    19.52  0.51   9999 0.00  9999 0.00   3  UVOT
#___________________________________________________________________________________________
#1- Pastorello et al 2008
#2- Tsvetkov et al. 2009
#3-(UV data)Roming et al. 2009
#Distance from Pastorello et al. 2008
#  
####   DATA NOT PUBLISHED YET   TAUBENBERGER ET AL SUBMITTED
#
