2010jl	        IIn    # modified for SUDARE
UGC5189A      ABg= 0.11 .00 ABi= 0.0 .00  mu= 33.43 0.15   
_______________________________________________________________________________
UBVRI  JD_max             55488.0  0  55488.0  0    55488.0  0   55488 .0    55488  0
       m_max             13.7   0     13.8   0       13.7   0       13.7   0  13.7 0 
 Date        JD            U            B           V               R           I         S notes
xxxxx       55478.     9999  .0      30.   .0     30.   .1       30.  .1       9999  .0     111
xxxxx       55479.14   9999  .0      14.24  .0    9999 .1      13.90  .1       9999  .0     111
#
xxxxx       55479.14   9999  .0      9999  .0     13.79 .1       9999 .1       9999  .0       2
xxxxx       55484.14   9999  .0      9999  .0     13.73 .1       9999 .1       13.28  .1      2
xxxxx       55488.12   9999  .0      9999  .0     13.67 .1       9999 .1       13.09 .1       2
xxxxx       55504.10   9999  .0      9999  .0     13.78 .1       9999 .1       13.00 .1       2
xxxxx       55509.13   9999  .0      9999  .0     13.86 .1       9999 .1       13.10 .1       2
#xxxxx       55515.75   13.83 .05     14.24 .05     9999  0       13.85 .05     13.19 .05      2
#xxxxx       55516.75   13.83 .05     9999  .0     13.46 .05      13.87 .5      9999  .0       2
#xxxxx       55517.13   9999  .0      14.26 .05    13.45 .05      9999  .1       13.28 .1       2
#xxxxx       55517.75   13.86 .05     14.26 .05     9999 .0       13.87 .05      13.20 .05      2
  29.98     55508.98 9999  0.0  14.08  0.03   13.79  0.03   13.49  0.02   13.54  0.03  3  FLWO   KeplerCam  
  31.98     55510.98 9999  0.0  14.10  0.03   13.80  0.03   13.49  0.02   13.55  0.03  3  FLWO   KeplerCam  
  34.96     55513.96 9999  0.0  14.13  0.03   13.84  0.03   13.52  0.02   13.58  0.03  3  FLWO   KeplerCam  
  37.00     55516.00 9999  0.0  14.16  0.03   13.85  0.03   13.53  0.02   13.60  0.03  3  FLWO   KeplerCam  
  43.91     55522.91 9999  0.0   9999  0      13.88  0.03   13.55  0.02   13.63  0.03  3  FLWO   KeplerCam  
  48.02     55527.02 9999  0.0  14.30  0.03   13.95  0.03   13.64  0.02   13.68  0.03  3  FLWO   KeplerCam  
  50.95     55529.95 9999  0.0  14.35  0.03   14.02  0.03   13.66  0.02   13.74  0.03  3  FLWO   KeplerCam  
  51.93     55530.93 9999  0.0  14.31  0.03   13.99  0.03   13.61  0.02   13.74  0.03  3  FLWO   KeplerCam  
  54.98     55533.98 9999  0.0  14.38  0.03   14.07  0.03   13.71  0.02   13.79  0.03  3  FLWO   KeplerCam  
  58.01     55537.01 9999  0.0  14.40  0.03   14.11  0.03   13.71  0.02   13.83  0.03  3  FLWO   KeplerCam  
  61.95     55540.95 9999  0.0  14.39  0.03   14.09  0.03   13.69  0.02   13.82  0.03  3  FLWO   KeplerCam  
  79.99     55558.99 9999  0.0  14.62  0.03   14.32  0.03   13.87  0.02   14.03  0.03  3  FLWO   KeplerCam  
  85.02     55564.02 9999  0.0  14.77  0.03   14.46  0.03   13.89  0.02   14.13  0.03  3  FLWO   KeplerCam  
  86.02     55565.02 9999  0.0  14.84  0.03   14.47  0.03   13.89  0.02   14.14  0.03  3  FLWO   KeplerCam  
  87.03     55566.03 9999  0.0  14.82  0.03   14.51  0.03   13.91  0.02   14.18  0.03  3  FLWO   KeplerCam  
  87.91     55566.91 9999  0.0  14.80  0.03   14.48  0.03   13.88  0.02   14.15  0.03  3  FLWO   KeplerCam  
  89.98     55568.98 9999  0.0   9999   0     14.51  0.03   13.90  0.02   14.20  0.03  3  FLWO   KeplerCam  
  91.00     55570.00 9999  0.0  14.81  0.03   14.50  0.03   13.91  0.02   14.20  0.03  3  FLWO   KeplerCam  
  92.98     55571.98 9999  0.0  14.86  0.03   14.51  0.03   13.91  0.02   14.21  0.03  3  FLWO   KeplerCam  
  93.86     55572.86 9999  0.0  14.84  0.03   14.54  0.03   13.92  0.02   14.21  0.03  3  FLWO   KeplerCam  
  96.89     55575.89 9999  0.0  14.91  0.03   14.55  0.03   13.94  0.02   14.24  0.03  3  FLWO   KeplerCam  
  97.76     55576.76 9999  0.0   9999   0     14.65  0.03   13.94  0.02   14.28  0.03  3  FLWO   KeplerCam  
  99.00     55578.00 9999  0.0  14.92  0.03   14.57  0.03   13.93  0.02   14.26  0.03  3  FLWO   KeplerCam  
 101.88     55580.88 9999  0.0   9999   0     14.62  0.03   13.94  0.02   14.27  0.03  3  FLWO   KeplerCam  
 108.89     55587.89 9999  0.0   9999   0     14.62  0.03   13.95  0.02   14.34  0.03  3  FLWO   KeplerCam  
 109.88     55588.88 9999  0.0  14.94  0.03   14.63  0.03   13.96  0.02   14.33  0.03  3  FLWO   KeplerCam  
 110.87     55589.87 9999  0.0  14.95  0.03   14.63  0.03   13.98  0.02   14.34  0.03  3  FLWO   KeplerCam  
 115.91     55594.91 9999  0.0  15.00  0.03   14.70  0.03   13.97  0.02   14.37  0.03  3  FLWO   KeplerCam  
 118.77     55597.77 9999  0.0  14.98  0.03   14.69  0.03   13.99  0.02   14.39  0.03  3  FLWO   KeplerCam  
 121.86     55600.86 9999  0.0  15.00  0.03   14.71  0.03   13.98  0.02   14.40  0.03  3  FLWO   KeplerCam  
 123.70     55602.70 9999  0.0   9999    0    14.71  0.03   13.99  0.02   14.41  0.03  3  FLWO   KeplerCam  
 126.94     55605.94 9999  0.0  15.09  0.03   14.75  0.03   14.01  0.02   14.44  0.03  3  FLWO   KeplerCam  
 128.93     55607.93 9999  0.0  15.08  0.03   14.77  0.03    9999     0    9999   0    3  FLWO   KeplerCam  
 129.86     55608.86 9999  0.0   9999    0    14.75  0.03   14.02  0.02   14.44  0.03  3  FLWO   KeplerCam  
 136.95     55615.95 9999  0.0   9999    0    14.79  0.03   14.00  0.02   14.45  0.03  3  FLWO   KeplerCam  
 144.65     55623.65 9999  0.0  15.13  0.03   14.81  0.03   14.00  0.02   14.51  0.03  3 FLWO   KeplerCam  
 149.78     55628.78 9999  0.0  15.12  0.03   14.83  0.03   14.02  0.02   14.53  0.03  3 FLWO   KeplerCam  
 152.66     55631.66 9999  0.0  15.14  0.03   14.84  0.03    9999    0    14.56  0.03  3 FLWO   KeplerCam  
 168.73     55647.73 9999  0.0  15.17  0.03   14.90  0.03   14.02  0.02   14.55  0.03  3 FLWO   KeplerCam  
 188.74     55667.74 9999  0.0   9999   0     14.96  0.03   14.02  0.02   14.63  0.03  3 FLWO   KeplerCam  
 189.81     55668.81 9999  0.0   9999   0     14.98  0.03   14.03  0.02   14.69  0.03  3 FLWO   KeplerCam  
 190.74     55669.74 9999  0.0   9999   0     14.97  0.03   14.03  0.02   14.69  0.03  3 FLWO   KeplerCam  
 194.70     55673.70 9999  0.0  15.21  0.03   14.97  0.03   14.03  0.02   14.69  0.03  3 FLWO   KeplerCam  
 203.68     55682.68 9999  0.0  15.23  0.03   15.00  0.03   14.04  0.02   14.69  0.03  3 FLWO   KeplerCam  
 207.68     55686.68 9999  0.0  15.22  0.03    9999    0    14.04  0.02   14.72  0.03  3 FLWO   KeplerCam  
 209.67     55688.67 9999  0.0  15.24  0.03   14.98  0.03   14.03  0.02   14.73  0.03  3 FLWO   KeplerCam  
 212.70     55691.70 9999  0.0  15.21  0.03   15.02  0.03   14.02  0.02   14.72  0.03  3 FLWO   KeplerCam  
 217.63     55696.63 9999  0.0   9999   0     15.01  0.03   14.04  0.02   14.76  0.03  3 FLWO   KeplerCam  
 219.67     55698.67 9999  0.0   9999   0     15.04  0.03   14.04  0.02   14.74  0.03  3 FLWO   KeplerCam  
 225.68     55704.68 9999  0.0   9999   0     15.01  0.03   14.04  0.02   14.76  0.03  3 FLWO   KeplerCam  
 238.68     55717.68 9999  0.0  15.27  0.03   15.05  0.03   14.04  0.02   14.78  0.03  3 FLWO   KeplerCam  
# 376.99     55855.99 9999  0.0  16.38  0.03    9999   0     14.05  0.02   14.83  0.03  3 FLWO   KeplerCam  
 387.97     55866.97 9999  0.0  16.39  0.03   16.15  0.03   14.72  0.02   15.72  0.03  3 FLWO   KeplerCam  
 409.01     55888.01 9999  0.0  16.71  0.03   16.40  0.03   14.79  0.02   15.79  0.03  3 FLWO   KeplerCam  
 409.98     55888.98 9999  0.0  16.70  0.03   16.43  0.03   15.01  0.02   15.98  0.03  3 FLWO   KeplerCam  
 437.98     55916.98 9999  0.0  17.08  0.03   16.77  0.03   15.02  0.02   15.98  0.03  3 FLWO   KeplerCam  
 439.82     55918.82 9999  0.0  17.20  0.03   16.82  0.03   15.25  0.02   16.27  0.03  3 FLWO   KeplerCam  
 469.84     55948.84 9999  0.0  17.47  0.03   17.06  0.03   15.29  0.02   16.27  0.03  3 FLWO   KeplerCam  
 473.80     55952.80 9999  0.0  17.41  0.03   17.03  0.03   15.52  0.02   16.52  0.03  3 FLWO   KeplerCam  
 493.87     55972.87 9999  0.0  17.54  0.03   17.33  0.03   15.50  0.02   16.57  0.03  3 FLWO   KeplerCam  
 499.77     55978.77 9999  0.0  17.62  0.03   17.26  0.03   15.62  0.02   16.73  0.03  3 FLWO   KeplerCam  
 530.73     56009.73 9999  0.0  17.80  0.03   17.62  0.03   15.65  0.02   16.71  0.03  3 FLWO   KeplerCam  
 558.66     56037.66 9999  0.0  18.16  0.03   17.83  0.03   15.81  0.02   16.97  0.03  3 FLWO   KeplerCam  
 561.65     56040.65 9999  0.0  18.01  0.03   17.84  0.03   15.95  0.02   17.23  0.03  3 FLWO   KeplerCam  
 581.63     56060.63 9999  0.0  18.36  0.03   17.89  0.03   16.06  0.02   17.33  0.03  3 FLWO   KeplerCam  
 586.63     56065.63 9999  0.0  18.29  0.03   18.02  0.03   16.12  0.02   17.48  0.03  3 FLWO   KeplerCam  
 762.73     56241.73 9999  0.0  19.43  0.03   19.19  0.03   17.04  0.02   18.76  0.03  3 NOT   ALFOSC  
 769.83     56248.83 9999  0.0  19.61  0.03   19.31  0.03   17.10  0.02   18.52  0.03  3 MAG   IMACS  
 848.54     56327.54 9999  0.0  19.91  0.03   19.73  0.03   17.59  0.02    9999    0   3 NOT   ALFOSC  
 917.48     56396.48 9999  0.0  20.43  0.03   20.40  0.03   18.19  0.02   20.14  0.03  3 NOT   ALFOSC  
#
## 1 Zhang etal. 2012, 2 Stoll etal 2011 3 Fransso etal...
