 1987A    IIP jd_expl= 46849.8
 LMC    ABg= 0.79 .00 ABi= 0.00 .00 mu= 18.49 .00
____________________________________________________________________________
UBVRI  JD_max  46849.69 .00 46951.69 .00 46849.69 .00  46829.69 .00 46829.69 .00
       m_max        9999 .00  9999 .00  9999 .00   9999 .00  9999 .00
  Date       JD         U        B         V         R         I        S       notes             
  xxxxx    46849.      .00 .00  30.  .00  30.  .00  30.  .00  9999 .00  111      
#
   51.3    46851.32   3.99 .00  4.74 .00  4.62 .00  4.40 .00  4.34 .00  1        
   52.3    46852.32   4.19 .00  4.74 .00  4.52 .00  4.21 .00  4.13 .00  1        
   53.2    46853.27   4.52 .00  4.87 .00  4.52 .00  4.20 .00  4.06 .00  1        
   53.2    46853.28   4.49 .00  4.82 .00  4.46 .00  4.12 .00  4.02 .00  1        
   53.3    46853.34   4.50 .00  4.80 .00  4.44 .00  4.11 .00  4.00 .00  1        
   54.3    46854.39   5.18 .00  4.94 .00  4.43 .00  4.05 .00  3.94 .00  1        
   55.2    46855.29   5.71 .00  5.08 .00  4.44 .00  4.05 .00  3.92 .00  1        
   56.2    46856.29   6.18 .00  5.26 .00  4.49 .00  4.05 .00  3.89 .00  1        
   58.2    46858.29   6.74 .00  5.41 .00  4.45 .00  4.00 .00  3.79 .00  1        
   59.4    46859.44   6.93 .00  5.48 .00  4.41 .00  3.96 .00  3.72 .00  1        
   60.2    46860.27   7.09 .00  5.55 .00  4.40 .00  3.94 .00  3.68 .00  1        
   61.2    46861.25   7.24 .00  5.57 .00  4.36 .00  3.89 .00  3.62 .00  1        
   62.2    46862.27   7.32 .00  5.60 .00  4.32 .00  3.85 .00  3.56 .00  1        
   63.3    46863.39   7.39 .00  5.63 .00  4.30 .00  3.81 .00  3.50 .00  1        
   64.2    46864.25   7.47 .00  5.65 .00  4.29 .00  3.78 .00  3.47 .00  1        
   65.2    46865.25   7.53 .00  5.66 .00  4.27 .00  3.75 .00  3.41 .00  1        
   66.2    46866.24   7.58 .00  5.67 .00  4.25 .00  3.72 .00  3.36 .00  1        
   67.2    46867.25   7.61 .00  5.68 .00  4.22 .00  3.66 .00  3.30 .00  1        
   68.2    46868.25   7.67 .00  5.68 .00  4.22 .00  3.66 .00  3.27 .00  1        
   71.2    46871.27   7.74 .00  5.69 .00  4.18 .00  3.56 .00  3.16 .00  1        
   72.2    46872.25   7.76 .00  5.68 .00  4.16 .00  3.53 .00  3.14 .00  1        
   73.2    46873.25   7.78 .00  5.67 .00  4.14 .00  3.50 .00  3.11 .00  1        
   74.2    46874.24   7.78 .00  5.66 .00  4.11 .00  3.45 .00  3.05 .00  1        
   75.2    46875.25   7.80 .00  5.65 .00  4.09 .00  3.42 .00  3.03 .00  1        
   76.2    46876.25   7.80 .00  5.65 .00  4.07 .00  3.40 .00  3.01 .00  1        
   77.2    46877.24   7.80 .00  5.64 .00  4.06 .00  3.39 .00  2.98 .00  1        
   78.2    46878.24   7.80 .00  5.61 .00  4.05 .00  3.35 .00  2.95 .00  1        
   79.2    46879.25   7.78 .00  5.59 .00  4.02 .00  3.31 .00  2.92 .00  1        
   80.2    46880.24   7.81 .00  5.58 .00  4.00 .00  3.30 .00  2.90 .00  1        
   81.2    46881.24   7.80 .00  5.56 .00  3.97 .00  3.27 .00  2.87 .00  1        
   82.2    46882.24   7.81 .00  5.54 .00  3.94 .00  3.23 .00  2.84 .00  1        
   84.3    46884.30   7.79 .00  5.48 .00  3.88 .00  3.17 .00  2.79 .00  1        
   85.2    46885.24   7.79 .00  5.46 .00  3.86 .00  3.15 .00  2.76 .00  1        
   86.3    46886.33   7.74 .00  5.45 .00  3.82 .00  3.11 .00  2.74 .00  1        
   87.2    46887.25   7.77 .00  5.40 .00  3.79 .00  3.08 .00  2.70 .00  1        
   88.2    46888.24   7.78 .00  5.39 .00  3.76 .00  3.04 .00  2.68 .00  1        
   90.3    46890.31   7.75 .00  5.32 .00  3.71 .00  2.98 .00  2.61 .00  1        
   91.3    46891.39   7.71 .00  5.26 .00  3.66 .00  2.94 .00  2.57 .00  1        
   92.2    46892.24   7.77 .00  5.26 .00  3.63 .00  2.93 .00  2.54 .00  1        
   94.2    46894.25   7.76 .00  5.22 .00  3.58 .00  2.88 .00  2.50 .00  1        
   95.2    46895.25   7.75 .00  5.19 .00  3.54 .00  2.85 .00  2.48 .00  1        
   97.2    46897.25   7.71 .00  5.13 .00  3.50 .00  2.80 .00  2.42 .00  1        
   98.2    46898.25   7.69 .00  5.09 .00  3.47 .00  2.77 .00  2.40 .00  1        
   99.2    46899.24   7.67 .00  5.07 .00  3.43 .00  2.74 .00  2.38 .00  1        
   101.    46901.24   9999 .00  9999 .00  3.34 .00  2.69 .00  2.31 .00  0	    
   103.    46903.24   7.58 .00  4.95 .00  3.32 .00  2.67 .00  2.26 .00  1        
   104.    46904.34   7.52 .00  4.91 .00  3.29 .00  2.64 .00  2.22 .00  1        
   106.    46906.29   7.47 .00  4.86 .00  3.25 .00  2.60 .00  2.19 .00  1        
   107.    46907.24   7.47 .00  4.85 .00  3.23 .00  2.58 .00  2.17 .00  1        
   109.    46909.23   7.40 .00  4.79 .00  3.18 .00  2.54 .00  2.13 .00  1        
   110.    46910.23   7.38 .00  4.77 .00  3.16 .00  2.51 .00  2.10 .00  1        
   111.    46911.23   7.34 .00  4.75 .00  3.14 .00  2.50 .00  2.08 .00  1        
   112.    46912.23   7.34 .00  4.75 .00  3.13 .00  2.49 .00  2.08 .00  1        
   114.    46914.23   9999 .00  4.71 .00  3.11 .00  2.47 .00  2.09 .00  0	    
   116.    46916.24   7.15 .00  4.60 .00  3.03 .00  2.41 .00  2.01 .00  1        
   117.    46917.22   7.19 .00  4.63 .00  3.04 .00  2.42 .00  2.02 .00  1        
   118.    46918.22   7.20 .00  4.65 .00  3.04 .00  2.42 .00  2.04 .00  1        
   119.    46919.21   7.17 .00  4.62 .00  3.03 .00  2.38 .00  1.99 .00  1        
   123.    46923.22   7.09 .00  4.57 .00  3.00 .00  2.32 .00  1.96 .00  1        
   124.    46924.25   7.08 .00  4.53 .00  2.96 .00  2.30 .00  1.92 .00  1        
   125.    46925.25   7.05 .00  4.53 .00  2.95 .00  2.28 .00  1.91 .00  1        
   130.    46930.29   7.04 .00  4.53 .00  2.96 .00  2.27 .00  1.92 .00  1        
   132.    46932.22   7.06 .00  4.53 .00  2.96 .00  2.28 .00  1.93 .00  1        
   134.    46934.21   7.06 .00  4.55 .00  2.97 .00  2.29 .00  1.91 .00  1        
   135.    46935.22   7.04 .00  4.54 .00  2.96 .00  2.29 .00  1.91 .00  1        
   136.    46936.21   7.06 .00  4.54 .00  2.97 .00  2.28 .00  1.91 .00  1        
   141.    46941.21   7.06 .00  4.54 .00  2.98 .00  2.30 .00  1.93 .00  1        
   142.    46942.22   7.08 .00  4.57 .00  2.98 .00  2.30 .00  1.92 .00  1        
   143.    46943.19   7.12 .00  4.61 .00  3.02 .00  2.31 .00  1.92 .00  1        
   147.    46947.21   7.20 .00  4.70 .00  3.11 .00  2.39 .00  1.96 .00  1        
   149.    46949.20   7.27 .00  4.78 .00  3.15 .00  2.43 .00  2.01 .00  1        
   152.    46952.19   7.40 .00  4.91 .00  3.27 .00  2.50 .00  2.06 .00  1        
   154.    46954.19   7.51 .00  5.01 .00  3.35 .00  2.55 .00  2.13 .00  1        
   155.    46955.20   7.58 .00  5.07 .00  3.40 .00  2.59 .00  2.17 .00  1        
   159.    46959.20   7.81 .00  5.28 .00  3.59 .00  2.77 .00  2.32 .00  1        
   161.    46961.19   7.96 .00  5.43 .00  3.75 .00  2.85 .00  2.42 .00  1        
   162.    46962.19   7.98 .00  5.49 .00  3.78 .00  2.94 .00  2.50 .00  1        
   165.    46965.21   8.21 .00  5.67 .00  3.97 .00  3.06 .00  2.57 .00  1        
   165.    46965.67   8.23 .00  5.71 .00  4.01 .00  3.11 .00  2.64 .00  1        
   166.    46966.20   8.26 .00  5.73 .00  4.04 .00  3.14 .00  2.68 .00  1        
   167.    46967.20   8.33 .00  5.79 .00  4.08 .00  3.18 .00  2.70 .00  1        
   168.    46968.19   8.39 .00  5.83 .00  4.14 .00  3.22 .00  2.74 .00  1        
   170.    46970.67   8.54 .00  5.91 .00  4.21 .00  3.31 .00  2.81 .00  1        
   172.    46972.21   8.53 .00  5.94 .00  4.26 .00  3.33 .00  2.84 .00  1        
   175.    46975.67   8.63 .00  6.01 .00  4.31 .00  3.38 .00  2.86 .00  1        
   178.    46978.19   8.64 .00  6.05 .00  4.36 .00  3.41 .00  2.91 .00  1        
   180.    46980.21   8.65 .00  6.07 .00  4.36 .00  3.42 .00  2.92 .00  1        
   181.    46981.20   8.65 .00  6.08 .00  4.40 .00  3.44 .00  2.95 .00  1        
   182.    46982.21   8.67 .00  6.09 .00  4.40 .00  3.46 .00  2.95 .00  1        
   183.    46983.20   8.63 .00  6.09 .00  4.40 .00  3.45 .00  2.96 .00  1        
   184.    46984.67   8.71 .00  6.11 .00  4.42 .00  3.48 .00  2.98 .00  1        
   185.    46985.68   8.70 .00  6.11 .00  4.44 .00  3.49 .00  2.99 .00  1        
   186.    46986.69   8.70 .00  6.12 .00  4.45 .00  3.50 .00  2.99 .00  1        
   189.    46989.66   8.66 .00  6.12 .00  4.45 .00  3.50 .00  3.02 .00  1        
   190.    46990.60   8.69 .00  6.15 .00  4.49 .00  3.53 .00  3.02 .00  1        
   191.    46991.68   8.69 .00  6.17 .00  4.51 .00  3.54 .00  3.03 .00  1        
   197.    46997.68   8.72 .00  6.23 .00  4.56 .00  3.60 .00  3.10 .00  1        
   198.    46998.66   8.71 .00  6.23 .00  4.58 .00  3.61 .00  3.10 .00  1        
   199.    46999.66   8.70 .00  6.24 .00  4.59 .00  3.61 .00  3.11 .00  1        
   200.    47000.60   8.72 .00  6.25 .00  4.60 .00  3.62 .00  3.11 .00  1        
   205.    47005.64   8.68 .00  6.28 .00  4.64 .00  3.66 .00  3.16 .00  1        
   206.    47006.64   8.71 .00  6.30 .00  4.66 .00  3.66 .00  3.17 .00  1        
   207.    47007.64   8.71 .00  6.30 .00  4.67 .00  3.68 .00  3.18 .00  1        
   209.    47009.64   8.72 .00  6.33 .00  4.70 .00  3.70 .00  3.18 .00  1        
   213.    47013.66   8.75 .00  6.35 .00  4.73 .00  3.73 .00  3.22 .00  1        
   214.    47014.67   8.72 .00  6.35 .00  4.73 .00  3.74 .00  3.23 .00  1        
   220.    47020.52   8.71 .00  6.40 .00  4.80 .00  3.77 .00  3.28 .00  1        
   221.    47021.57   8.71 .00  6.40 .00  4.80 .00  3.80 .00  3.28 .00  1        
   222.    47022.55   8.72 .00  6.41 .00  4.82 .00  3.80 .00  3.29 .00  1        
   223.    47023.66   8.72 .00  6.43 .00  4.82 .00  3.80 .00  3.29 .00  1        
   225.    47025.57   8.70 .00  6.42 .00  4.84 .00  3.83 .00  3.30 .00  1        
   227.    47027.66   8.74 .00  6.46 .00  4.86 .00  3.83 .00  3.33 .00  1        
   228.    47028.66   8.76 .00  6.48 .00  4.91 .00  3.87 .00  3.34 .00  1        
   231.    47031.62   8.73 .00  6.48 .00  4.91 .00  3.87 .00  3.35 .00  1        
   233.    47033.56   8.72 .00  6.49 .00  4.92 .00  3.89 .00  3.37 .00  1        
   233.    47033.56   8.70 .00  6.49 .00  4.93 .00  3.91 .00  3.37 .00  1        
   234.    47034.59   8.73 .00  6.50 .00  4.95 .00  3.90 .00  3.39 .00  1        
   240.    47040.65   8.71 .00  6.53 .00  4.98 .00  3.94 .00  3.44 .00  1        
   241.    47041.54   8.70 .00  6.53 .00  4.99 .00  3.94 .00  3.42 .00  1        
   243.    47043.49   8.71 .00  6.55 .00  5.00 .00  3.95 .00  3.45 .00  1        
   244.    47044.53   8.71 .00  6.57 .00  5.03 .00  3.97 .00  3.45 .00  1        
   245.    47045.47   8.69 .00  6.58 .00  5.03 .00  3.98 .00  3.46 .00  1        
   246.    47046.49   8.71 .00  6.59 .00  5.04 .00  3.98 .00  3.45 .00  1        
   247.    47047.53   8.71 .00  6.59 .00  5.06 .00  4.00 .00  3.46 .00  1        
   248.    47048.66   8.74 .00  6.62 .00  5.08 .00  4.02 .00  3.49 .00  1        
   249.    47049.55   8.72 .00  6.61 .00  5.07 .00  4.01 .00  3.37 .00  1        
   252.    47052.60   8.68 .00  6.63 .00  5.10 .00  4.04 .00  3.51 .00  1        
   254.    47054.62   8.68 .00  6.64 .00  5.13 .00  4.05 .00  3.54 .00  1        
   255.    47055.57   8.68 .00  6.66 .00  5.14 .00  4.07 .00  3.54 .00  1        
   255.    47055.57   8.69 .00  6.65 .00  5.13 .00  4.06 .00  3.53 .00  1        
   256.    47056.61   8.73 .00  6.66 .00  5.16 .00  4.08 .00  3.54 .00  1        
   263.    47063.62   8.69 .00  6.70 .00  5.20 .00  4.13 .00  3.59 .00  1        
   268.    47068.51   8.69 .00  6.73 .00  5.25 .00  4.15 .00  3.63 .00  1        
   270.    47070.49   8.66 .00  6.73 .00  5.26 .00  4.16 .00  3.66 .00  1        
   271.    47071.56   8.69 .00  6.76 .00  5.29 .00  4.19 .00  3.67 .00  1        
   272.    47072.61   8.69 .00  6.77 .00  5.30 .00  4.20 .00  3.67 .00  1        
   273.    47073.62   8.69 .00  6.78 .00  5.32 .00  4.21 .00  3.68 .00  1        
   274.    47074.51   8.68 .00  6.77 .00  5.32 .00  4.20 .00  3.66 .00  1        
   275.    47075.51   8.69 .00  6.78 .00  5.32 .00  4.22 .00  3.68 .00  1        
   277.    47077.41   8.69 .00  6.80 .00  5.35 .00  4.24 .00  3.69 .00  1        
   278.    47078.51   8.69 .00  6.82 .00  5.36 .00  4.25 .00  3.71 .00  1        
   280.    47080.58   8.68 .00  6.83 .00  5.38 .00  4.26 .00  3.72 .00  1        
   281.    47081.54   8.68 .00  6.83 .00  5.39 .00  4.28 .00  3.74 .00  1        
   282.    47082.62   8.70 .00  6.84 .00  5.40 .00  4.29 .00  3.74 .00  1        
   285.    47085.48   8.69 .00  6.87 .00  5.43 .00  4.30 .00  3.75 .00  1        
   286.    47086.52   8.67 .00  6.86 .00  5.43 .00  4.32 .00  3.76 .00  1        
   290.    47090.57   8.67 .00  6.88 .00  5.46 .00  4.34 .00  3.79 .00  1        
   296.    47096.37   8.68 .00  6.94 .00  5.52 .00  4.40 .00  3.84 .00  1        
   298.    47098.45   8.68 .00  6.94 .00  5.55 .00  4.42 .00  3.86 .00  1        
   299.    47099.36   8.68 .00  6.95 .00  5.55 .00  4.42 .00  3.87 .00  1        
   300.    47100.46   8.69 .00  6.96 .00  5.57 .00  4.44 .00  3.89 .00  1        
   301.    47101.40   8.68 .00  6.97 .00  5.57 .00  4.44 .00  3.89 .00  1        
   302.    47102.44   8.68 .00  6.97 .00  5.58 .00  4.45 .00  3.88 .00  1        
   303.    47103.44   8.69 .00  6.98 .00  5.59 .00  4.46 .00  3.89 .00  1        
   304.    47104.51   8.68 .00  6.99 .00  5.60 .00  4.47 .00  3.92 .00  1        
   305.    47105.44   8.68 .00  6.99 .00  5.61 .00  4.48 .00  3.93 .00  1        
   306.    47106.37   8.69 .00  7.00 .00  5.62 .00  4.49 .00  3.93 .00  1        
   307.    47107.58   8.69 .00  7.01 .00  5.64 .00  4.50 .00  3.95 .00  1        
   308.    47108.48   8.66 .00  6.98 .00  5.61 .00  4.47 .00  3.92 .00  1        
   309.    47109.51   8.68 .00  7.01 .00  5.64 .00  4.49 .00  3.95 .00  1        
   310.    47110.35   8.69 .00  7.02 .00  5.66 .00  4.52 .00  3.96 .00  1        
   313.    47113.28   8.69 .00  7.05 .00  5.69 .00  4.55 .00  4.00 .00  1        
   314.    47114.29   8.69 .00  7.06 .00  5.69 .00  4.54 .00  4.01 .00  1        
   315.    47115.37   8.69 .00  7.06 .00  5.71 .00  4.57 .00  4.01 .00  1        
   316.    47116.33   8.69 .00  7.07 .00  5.72 .00  4.57 .00  4.02 .00  1        
   318.    47118.43   8.70 .00  7.07 .00  5.73 .00  4.59 .00  4.05 .00  1        
   319.    47119.26   8.68 .00  7.08 .00  5.73 .00  4.57 .00  4.04 .00  1        
   320.    47120.38   8.70 .00  7.10 .00  5.76 .00  4.60 .00  4.05 .00  1        
   321.    47121.47   8.70 .00  7.10 .00  5.76 .00  4.62 .00  4.07 .00  1        
   322.    47122.45   8.70 .00  7.12 .00  5.77 .00  4.62 .00  4.08 .00  1        
   323.    47123.29   8.72 .00  7.12 .00  5.79 .00  4.62 .00  4.09 .00  1        
   323.    47123.47   8.70 .00  7.11 .00  5.79 .00  4.63 .00  4.09 .00  1        
   324.    47124.32   8.69 .00  7.12 .00  5.79 .00  4.64 .00  4.10 .00  1        
   325.    47125.36   8.70 .00  7.13 .00  5.80 .00  4.65 .00  4.11 .00  1        
   326.    47126.45   8.70 .00  7.14 .00  5.82 .00  4.66 .00  4.14 .00  1        
   327.    47127.39   8.70 .00  7.15 .00  5.82 .00  4.68 .00  4.13 .00  1        
   329.    47129.34   8.69 .00  7.15 .00  5.84 .00  4.69 .00  4.14 .00  1        
   331.    47131.37   8.69 .00  7.16 .00  5.86 .00  4.71 .00  4.16 .00  1        
   332.    47132.47   8.70 .00  7.17 .00  5.87 .00  4.72 .00  4.18 .00  1        
   333.    47133.42   8.71 .00  7.18 .00  5.88 .00  4.73 .00  4.18 .00  1        
   335.    47135.43   8.70 .00  7.19 .00  5.90 .00  4.75 .00  4.21 .00  1        
   336.    47136.39   8.72 .00  7.21 .00  5.91 .00  4.76 .00  4.23 .00  1        
   338.    47138.45   8.71 .00  7.21 .00  5.93 .00  4.78 .00  4.24 .00  1        
   341.    47141.34   8.71 .00  7.23 .00  5.95 .00  4.81 .00  4.27 .00  1        
   342.    47142.39   8.70 .00  7.24 .00  5.97 .00  4.82 .00  4.28 .00  1        
   343.    47143.34   8.70 .00  7.24 .00  5.97 .00  4.83 .00  4.29 .00  1        
   344.    47144.36   8.71 .00  7.25 .00  5.98 .00  4.84 .00  4.30 .00  1        
   345.    47145.27   8.67 .00  7.25 .00  5.99 .00  4.84 .00  4.31 .00  1        
   347.    47147.33   8.71 .00  7.26 .00  6.00 .00  4.86 .00  4.31 .00  1        
   348.    47148.28   8.69 .00  7.27 .00  6.00 .00  4.86 .00  4.33 .00  1        
   349.    47149.36   8.71 .00  7.29 .00  6.03 .00  4.88 .00  4.35 .00  1        
   352.    47152.33   8.72 .00  7.30 .00  6.06 .00  4.92 .00  4.38 .00  1        
   352.    47152.43   8.72 .00  7.29 .00  6.05 .00  4.92 .00  4.39 .00  1        
   353.    47153.43   8.72 .00  7.31 .00  6.07 .00  4.93 .00  4.40 .00  1        
   354.    47154.51   8.72 .00  7.32 .00  6.07 .00  4.93 .00  4.41 .00  1        
   355.    47155.44   8.72 .00  7.33 .00  6.09 .00  4.95 .00  4.42 .00  1        
   356.    47156.32   8.74 .00  7.34 .00  6.10 .00  4.96 .00  4.44 .00  1        
   357.    47157.33   8.73 .00  7.34 .00  6.11 .00  4.98 .00  4.44 .00  1        
   358.    47158.30   8.72 .00  7.34 .00  6.11 .00  4.97 .00  4.45 .00  1        
   359.    47159.33   8.74 .00  7.35 .00  6.12 .00  4.98 .00  4.46 .00  1        
   360.    47160.37   8.73 .00  7.36 .00  6.13 .00  5.00 .00  4.47 .00  1        
   362.    47162.58   8.72 .00  7.36 .00  6.15 .00  4.99 .00  4.49 .00  1        
   363.    47163.37   8.73 .00  7.38 .00  6.16 .00  5.02 .00  4.50 .00  1        
   364.    47164.39   8.73 .00  7.38 .00  6.17 .00  5.03 .00  4.51 .00  1        
   365.    47165.39   8.74 .00  7.39 .00  6.18 .00  5.04 .00  4.54 .00  1        
   366.    47166.39   8.74 .00  7.40 .00  6.18 .00  5.05 .00  4.54 .00  1        
   367.    47167.44   8.75 .00  7.40 .00  6.20 .00  5.05 .00  4.56 .00  1        
   368.    47168.37   8.75 .00  7.41 .00  6.20 .00  5.07 .00  4.56 .00  1        
   369.    47169.49   8.75 .00  7.41 .00  6.21 .00  5.08 .00  4.57 .00  1        
   370.    47170.21   8.76 .00  7.42 .00  6.23 .00  5.10 .00  4.58 .00  1        
   371.    47171.29   8.75 .00  7.42 .00  6.23 .00  5.09 .00  4.58 .00  1        
   372.    47172.40   8.75 .00  7.43 .00  6.24 .00  5.10 .00  4.59 .00  1        
   373.    47173.38   8.75 .00  7.44 .00  6.26 .00  5.12 .00  4.62 .00  1        
   374.    47174.40   8.76 .00  7.45 .00  6.27 .00  5.13 .00  4.63 .00  1        
   375.    47175.39   8.76 .00  7.46 .00  6.28 .00  5.14 .00  4.65 .00  1        
   376.    47176.29   8.77 .00  7.47 .00  6.28 .00  5.16 .00  4.65 .00  1        
   377.    47177.32   8.77 .00  7.47 .00  6.29 .00  5.17 .00  4.67 .00  1        
   378.    47178.37   8.79 .00  7.49 .00  6.30 .00  5.17 .00  4.67 .00  1        
   382.    47182.44   8.80 .00  7.51 .00  6.34 .00  5.23 .00  4.73 .00  1        
   383.    47183.45   8.79 .00  7.51 .00  6.35 .00  5.22 .00  4.73 .00  1        
   385.    47185.46   8.80 .00  7.53 .00  6.37 .00  5.25 .00  4.76 .00  1        
   386.    47186.46   8.80 .00  7.54 .00  6.38 .00  5.26 .00  4.77 .00  1        
   387.    47187.32   8.78 .00  7.54 .00  6.39 .00  5.27 .00  4.78 .00  1        
   388.    47188.31   8.79 .00  7.55 .00  6.40 .00  5.28 .00  4.81 .00  1        
   389.    47189.31   8.79 .00  7.55 .00  6.41 .00  5.30 .00  4.81 .00  1        
   391.    47191.29   8.79 .00  7.56 .00  6.42 .00  5.31 .00  4.83 .00  1        
   392.    47192.37   8.79 .00  7.57 .00  6.44 .00  5.32 .00  4.84 .00  1        
   393.    47193.32   8.80 .00  7.58 .00  6.44 .00  5.33 .00  4.85 .00  1        
   394.    47194.28   8.79 .00  7.59 .00  6.46 .00  5.34 .00  4.87 .00  1        
   395.    47195.30   8.81 .00  7.59 .00  6.46 .00  5.35 .00  4.88 .00  1        
   396.    47196.29   8.80 .00  7.60 .00  6.47 .00  5.37 .00  4.90 .00  1        
   398.    47198.44   8.80 .00  7.61 .00  6.49 .00  5.39 .00  4.93 .00  1        
   401.    47201.45   8.81 .00  7.63 .00  6.52 .00  5.43 .00  4.96 .00  1        
   402.    47202.44   8.81 .00  7.64 .00  6.53 .00  5.43 .00  4.96 .00  1        
   403.    47203.43   8.81 .00  7.64 .00  6.53 .00  5.44 .00  4.98 .00  1        
   404.    47204.36   8.83 .00  7.66 .00  6.55 .00  5.45 .00  4.99 .00  1        
   405.    47205.41   8.85 .00  7.68 .00  6.58 .00  5.48 .00  5.03 .00  1        
   409.    47209.39   8.83 .00  7.69 .00  6.59 .00  5.51 .00  5.04 .00  1        
   412.    47212.26   8.85 .00  7.71 .00  6.62 .00  5.54 .00  5.09 .00  1        
   413.    47213.26   8.86 .00  7.73 .00  6.62 .00  5.55 .00  5.10 .00  1        
   414.    47214.26   8.86 .00  7.73 .00  6.64 .00  5.57 .00  5.11 .00  1        
   415.    47215.30   8.86 .00  7.73 .00  6.66 .00  5.58 .00  5.13 .00  1        
   417.    47217.30   8.86 .00  7.73 .00  6.67 .00  5.60 .00  5.15 .00  1        
   419.    47219.32   8.87 .00  7.75 .00  6.68 .00  5.62 .00  5.18 .00  1        
   420.    47220.31   8.87 .00  7.77 .00  6.71 .00  5.62 .00  5.20 .00  1        
   423.    47223.30   8.87 .00  7.80 .00  6.73 .00  5.67 .00  5.25 .00  1        
   424.    47224.30   8.87 .00  7.80 .00  6.74 .00  5.68 .00  5.25 .00  1        
   430.    47230.27   8.92 .00  7.84 .00  6.83 .00  5.76 .00  5.33 .00  1        
   433.    47233.28   8.93 .00  7.87 .00  6.83 .00  5.79 .00  5.36 .00  1        
   435.    47235.27   8.93 .00  7.88 .00  6.85 .00  5.80 .00  5.38 .00  1        
   236.    47236.24   8.92 .00  7.89 .00  6.86 .00  5.81 .00  5.39 .00  1        
   237.    47237.24   8.92 .00  7.89 .00  6.86 .00  5.81 .00  5.41 .00  1        
   239.    47239.25   8.95 .00  7.92 .00  6.89 .00  5.85 .00  5.43 .00  1        
   240.    47240.25   8.95 .00  7.92 .00  6.91 .00  5.85 .00  5.44 .00  1        
   241.    47241.25   8.95 .00  7.92 .00  6.91 .00  5.87 .00  5.46 .00  1        
   242.    47242.25   8.96 .00  7.93 .00  6.92 .00  5.88 .00  5.47 .00  1        
   243.    47243.25   8.97 .00  7.94 .00  6.93 .00  5.89 .00  5.48 .00  1        
   244.    47244.25   8.96 .00  7.94 .00  6.94 .00  5.91 .00  5.50 .00  1        
   246.    47246.24   8.97 .00  7.96 .00  6.96 .00  5.93 .00  5.53 .00  1        
   247.    47247.24   8.98 .00  7.97 .00  6.97 .00  5.94 .00  5.54 .00  1        
   248.    47248.24   8.99 .00  7.98 .00  6.99 .00  5.96 .00  5.55 .00  1        
   250.    47250.24   8.97 .00  7.99 .00  7.00 .00  5.99 .00  5.58 .00  1        
   251.    47251.24   9.00 .00  8.00 .00  7.01 .00  5.99 .00  5.60 .00  1        
   252.    47252.23   8.99 .00  8.01 .00  7.02 .00  6.00 .00  5.60 .00  1        
   253.    47253.24   8.99 .00  8.02 .00  7.03 .00  6.00 .00  5.62 .00  1        
   259.    47259.25   9.01 .00  8.06 .00  7.08 .00  6.09 .00  5.69 .00  1        
   260.    47260.23   9.02 .00  8.08 .00  7.10 .00  6.10 .00  5.70 .00  1        
   261.    47261.36   9.03 .00  8.08 .00  7.11 .00  6.11 .00  5.72 .00  1        
   262.    47262.23   9.02 .00  8.09 .00  7.12 .00  6.12 .00  5.73 .00  1        
   263.    47263.23   9.03 .00  8.10 .00  7.14 .00  6.14 .00  5.74 .00  1        
   264.    47264.23   9.09 .00  8.16 .00  7.19 .00  6.20 .00  5.76 .00  1        
   265.    47265.26   9.05 .00  8.11 .00  7.15 .00  6.15 .00  5.78 .00  1        
   266.    47266.28   9.06 .00  8.12 .00  7.16 .00  6.16 .00  5.78 .00  1        
   267.    47267.23   9.06 .00  8.13 .00  7.18 .00  6.19 .00  5.80 .00  1        
   268.    47268.22   9.06 .00  8.14 .00  7.19 .00  6.21 .00  5.81 .00  1        
   270.    47270.22   9.07 .00  8.16 .00  7.21 .00  6.23 .00  5.85 .00  1        
   274.    47274.23   9.07 .00  8.19 .00  7.25 .00  6.27 .00  5.89 .00  1        
   275.    47275.23   9.09 .00  8.21 .00  7.26 .00  6.29 .00  5.91 .00  1        
   278.    47278.23   9.09 .00  8.22 .00  7.29 .00  6.33 .00  5.95 .00  1        
   279.    47279.33   9.08 .00  8.22 .00  7.31 .00  6.33 .00  5.95 .00  1        
   280.    47280.37   9.12 .00  8.24 .00  7.31 .00  6.35 .00  5.98 .00  1        
   281.    47281.24   9.11 .00  8.24 .00  7.33 .00  6.36 .00  6.00 .00  1        
   282.    47282.23   9.12 .00  8.27 .00  7.34 .00  6.38 .00  6.01 .00  1        
   283.    47283.23   9.14 .00  8.27 .00  7.34 .00  6.38 .00  6.02 .00  1        
   284.    47284.22   9.14 .00  8.26 .00  7.36 .00  6.40 .00  6.04 .00  1        
   286.    47286.21   9.14 .00  8.28 .00  7.38 .00  6.43 .00  6.05 .00  1        
   287.    47287.21   9.19 .00  8.31 .00  7.39 .00  6.44 .00  6.08 .00  1        
   288.    47288.21   9.15 .00  8.30 .00  7.39 .00  6.44 .00  6.08 .00  1        
   289.    47289.21   9.18 .00  8.31 .00  7.41 .00  6.46 .00  6.11 .00  1        
   290.    47290.21   9.17 .00  8.32 .00  7.42 .00  6.49 .00  6.12 .00  1        
   291.    47291.22   9.19 .00  8.34 .00  7.43 .00  6.49 .00  6.13 .00  1        
   292.    47292.22   9.26 .00  8.42 .00  7.45 .00  6.51 .00  6.17 .00  1        
   297.    47297.22   9.19 .00  8.39 .00  7.49 .00  6.56 .00  6.22 .00  1        
   298.    47298.21   9.21 .00  8.40 .00  7.52 .00  6.57 .00  6.23 .00  1        
   299.    47299.24   9.22 .00  8.41 .00  7.53 .00  6.60 .00  6.24 .00  1        
   311.    47311.25   9.32 .00  8.57 .00  7.68 .00  6.76 .00  6.42 .00  1        
   317.    47317.25   9.36 .00  8.59 .00  7.74 .00  6.84 .00  6.50 .00  1        
   321.    47321.67   9.38 .00  8.67 .00  7.80 .00  6.92 .00  6.56 .00  1        
   322.    47322.67   9.41 .00  8.66 .00  7.81 .00  6.93 .00  6.58 .00  1        
   323.    47323.20   9.42 .00  8.65 .00  7.80 .00  6.92 .00  6.58 .00  1        
   328.    47328.21   9.40 .00  8.69 .00  7.87 .00  6.99 .00  6.66 .00  1        
   329.    47329.22   9.41 .00  8.71 .00  7.87 .00  7.01 .00  6.67 .00  1        
   330.    47330.22   9.41 .00  8.72 .00  7.88 .00  7.03 .00  6.69 .00  1        
   331.    47331.21   9.42 .00  8.73 .00  7.90 .00  7.04 .00  6.71 .00  1        
   334.    47334.23   9.46 .00  8.76 .00  7.94 .00  7.08 .00  6.74 .00  1        
   336.    47336.67   9.47 .00  8.77 .00  7.96 .00  7.10 .00  6.78 .00  1        
   337.    47337.63   9.50 .00  8.80 .00  7.97 .00  7.12 .00  6.82 .00  1        
   343.    47343.66   9.51 .00  8.86 .00  8.06 .00  7.24 .00  6.91 .00  1        
   353.    47353.65   9.56 .00  8.93 .00  8.15 .00  7.37 .00  7.02 .00  1        
   354.    47354.65   9.65 .00  8.99 .00  8.21 .00  7.43 .00  7.10 .00  1        
   355.    47355.65   9.63 .00  9.02 .00  8.22 .00  7.44 .00  7.10 .00  1        
   356.    47356.63   9.62 .00  9.00 .00  8.23 .00  7.44 .00  7.12 .00  0	    
   359.    47359.63   9.62 .00  9.04 .00  8.28 .00  7.48 .00  7.16 .00  1        
   362.    47362.65   9.65 .00  9.07 .00  8.32 .00  7.54 .00  7.22 .00  1        
   367.    47367.63   9.70 .00  9.14 .00  8.39 .00  7.62 .00  7.31 .00  1        
   368.    47368.62   9.72 .00  9.15 .00  8.41 .00  7.63 .00  7.33 .00  1        
   372.    47372.62   9.73 .00  9.19 .00  8.46 .00  7.70 .00  7.39 .00  1        
   376.    47376.62   9.78 .00  9.26 .00  8.54 .00  7.78 .00  7.47 .00  1        
   380.    47380.63   9.81 .00  9.31 .00  8.60 .00  7.85 .00  7.55 .00  1        
   384.    47384.63   9.83 .00  9.36 .00  8.67 .00  7.93 .00  7.63 .00  1        
   388.    47388.61   9.88 .00  9.43 .00  8.74 .00  8.01 .00  7.72 .00  1        
   394.    47394.64   9.95 .00  9.52 .00  8.85 .00  8.13 .00  7.83 .00  1        
   399.    47399.59   9.97 .00  9.60 .00  8.94 .00  8.24 .00  7.96 .00  1        
   408.    47408.55  10.07 .00  9.72 .00  9.10 .00  8.43 .00  8.13 .00  1       
   412.    47412.52  10.16 .00  9.80 .00  9.19 .00  8.51 .00  8.23 .00  1       
   416.    47416.49  10.20 .00  9.87 .00  9.27 .00  8.60 .00  8.31 .00  1       
   422.    47422.49  10.25 .00  9.96 .00  9.39 .00  8.74 .00  8.45 .00  1       
   426.    47426.53  10.26 .00 10.02 .00  9.47 .00  8.83 .00  8.55 .00  1      
   428.    47428.61  10.27 .00 10.05 .00  9.51 .00  8.87 .00  8.59 .00  1      
   431.    47431.56  10.30 .00 10.10 .00  9.57 .00  8.95 .00  8.64 .00  1      
   436.    47436.50  10.37 .00 10.20 .00  9.69 .00  9.07 .00  8.77 .00  1      
   439.    47439.56  10.39 .00 10.23 .00  9.74 .00  9.13 .00  8.84 .00  1      
   444.    47444.53  10.46 .00 10.33 .00  9.85 .00  9.26 .00  8.96 .00  1      
   448.    47448.41  10.55 .00 10.41 .00  9.95 .00  9.34 .00  9.05 .00  1      
   453.    47453.58  10.55 .00 10.47 .00 10.03 .00  9.45 .00  9.14 .00  1     
   458.    47458.46  10.67 .00 10.59 .00 10.14 .00  9.56 .00  9.25 .00  1     
   462.    47462.42  10.68 .00 10.63 .00 10.21 .00  9.63 .00  9.30 .00  1     
   466.    47466.42  10.76 .00 10.69 .00 10.28 .00  9.72 .00  9.39 .00  1     
   470.    47470.47  10.78 .00 10.75 .00 10.36 .00  9.81 .00  9.48 .00  1     
   475.    47475.43  10.81 .00 10.82 .00 10.44 .00  9.90 .00  9.57 .00  1     
   480.    47480.46  10.84 .00 10.88 .00 10.53 .00  9.98 .00  9.66 .00  1     
   485.    47485.56  10.87 .00 10.95 .00 10.60 .00 10.07 .00  9.75 .00  1    
   492.    47492.42  11.03 .00 11.07 .00 10.76 .00 10.23 .00  9.88 .00  1    
   497.    47497.54  11.00 .00 11.11 .00 10.81 .00 10.28 .00  9.93 .00  1    
   502.    47502.38  11.10 .00 11.20 .00 10.90 .00 10.38 .00 10.01 .00  1    
   507.    47507.54  11.11 .00 11.26 .00 10.99 .00 10.47 .00 10.11 .00  1    
   512.    47512.32  11.22 .00 11.34 .00 11.07 .00 10.55 .00 10.18 .00  1    
   517.    47517.36  11.29 .00 11.42 .00 11.16 .00 10.62 .00 10.27 .00  1    
   521.    47521.35  11.34 .00 11.49 .00 11.22 .00 10.70 .00 10.31 .00  1    
   526.    47526.36  11.39 .00 11.55 .00 11.30 .00 10.78 .00 10.40 .00  1    
   532.    47532.44  11.49 .00 11.62 .00 11.41 .00 10.88 .00 10.48 .00  1    
   537.    47537.37  11.57 .00 11.71 .00 11.49 .00 10.95 .00 10.55 .00  1    
   542.    47542.38  11.56 .00 11.74 .00 11.54 .00 11.01 .00 10.62 .00  1    
   548.    47548.31  11.69 .00 11.86 .00 11.65 .00 11.13 .00 10.72 .00  1    
   553.    47553.31  11.67 .00 11.87 .00 11.70 .00 11.17 .00 10.75 .00  1    
   559.    47559.33  11.77 .00 11.95 .00 11.78 .00 11.25 .00 10.84 .00  1    
   564.    47564.29  11.83 .00 12.03 .00 11.87 .00 11.34 .00 10.93 .00  1    
   570.    47570.30  11.84 .00 12.06 .00 11.92 .00 11.39 .00 10.99 .00  1    
   579.    47579.29  11.97 .00 12.19 .00 12.06 .00 11.52 .00 11.11 .00  1    
   584.    47584.29  12.02 .00 12.24 .00 12.13 .00 11.59 .00 11.19 .00  1    
   590.    47590.31  12.02 .00 12.28 .00 12.18 .00 11.65 .00 11.25 .00  1    
   594.    47594.30  12.12 .00 12.34 .00 12.24 .00 11.72 .00 11.32 .00  1    
   601.    47601.27  12.05 .00 12.36 .00 12.24 .00 11.75 .00 11.38 .00  1    
   607.    47607.27  12.20 .00 12.46 .00 12.36 .00 11.83 .00 11.47 .00  1    
   609.    47609.26  12.29 .00 12.54 .00 12.41 .00 11.87 .00 11.51 .00  1    
   617.    47617.26  12.29 .00 12.58 .00 12.47 .00 11.96 .00 11.59 .00  1    
   622.    47622.24  12.37 .00 12.67 .00 12.57 .00 12.04 .00 11.69 .00  1    
   629.    47629.26  12.37 .00 12.70 .00 12.62 .00 12.09 .00 11.80 .00  1    
   634.    47634.22  12.42 .00 12.73 .00 12.67 .00 12.15 .00 11.82 .00  1    
   641.    47641.22  12.48 .00 12.79 .00 12.71 .00 12.19 .00 11.90 .00  1    
 53.583    46853.58   4.63 .00  4.83 .00  4.46 .00  4.10 .00  9999 .00  1        
 54.635    46854.64   5.32 .00  4.97 .00  4.45 .00  4.04 .00  9999 .00  1        
 55.622    46855.62   5.91 .00  5.17 .00  4.50 .00  4.06 .00  9999 .00  1        
 56.639    46856.64   6.28 .00  5.26 .00  4.46 .00  4.03 .00  9999 .00  1        
 57.622    46857.62   6.58 .00  5.37 .00  4.48 .00  4.04 .00  9999 .00  1        
 58.61     46858.61   6.79 .00  5.43 .00  4.45 .00  3.99 .00  9999 .00  1    
 59.611    46859.61   6.98 .00  5.50 .00  4.41 .00  3.96 .00  9999 .00  1    
 60.609    46860.61   7.13 .00  5.55 .00  4.38 .00  3.92 .00  9999 .00  1    
 63.611    46863.61   7.40 .00  5.66 .00  4.30 .00  3.81 .00  9999 .00  1    
 64.638    46864.64   7.45 .00  5.67 .00  4.28 .00  3.77 .00  9999 .00  1    
 65.625    46865.63   7.52 .00  5.69 .00  4.27 .00  3.74 .00  9999 .00  1    
 66.649    46866.65   7.56 .00  5.71 .00  4.24 .00  3.71 .00  9999 .00  1    
 68.533    46868.53   7.68 .00  5.68 .00  4.19 .00  3.58 .00  9999 .00  1    
 69.547    46869.55   7.69 .00  5.72 .00  4.20 .00  3.63 .00  9999 .00  1    
 70.59     46870.59   7.73 .00  5.73 .00  4.19 .00  3.60 .00  9999 .00  1    
 73.588    46873.59   7.80 .00  5.69 .00  4.13 .00  3.50 .00  9999 .00  1    
 74.563    46874.56   7.81 .00  5.69 .00  4.11 .00  3.47 .00  9999 .00  1    
 75.571    46875.57   7.82 .00  5.68 .00  4.09 .00  3.43 .00  9999 .00  1    
 76.575    46876.58   7.81 .00  5.67 .00  4.08 .00  3.40 .00  9999 .00  1    
 80.586    46880.59   7.81 .00  5.61 .00  3.99 .00  3.29 .00  9999 .00  1        
 81.578    46881.58   7.81 .00  5.58 .00  3.97 .00  3.26 .00  9999 .00  1        
 82.566    46882.57   7.79 .00  5.56 .00  3.95 .00  3.24 .00  9999 .00  1        
 83.586    46883.59   7.82 .00  5.53 .00  3.91 .00  3.20 .00  9999 .00  1        
 84.577    46884.58   7.80 .00  5.51 .00  3.89 .00  3.18 .00  9999 .00  1        
 85.603    46885.60   7.80 .00  5.50 .00  3.86 .00  3.15 .00  9999 .00  1        
 86.602    46886.60   7.80 .00  5.46 .00  3.83 .00  3.11 .00  9999 .00  1        
 87.581    46887.58   7.80 .00  5.43 .00  3.80 .00  3.09 .00  9999 .00  1        
 89.547    46889.55   7.81 .00  5.37 .00  3.73 .00  3.02 .00  9999 .00  1        
 91.529    46891.53   7.79 .00  5.32 .00  3.66 .00  2.95 .00  9999 .00  1        
 92.529    46892.53   7.78 .00  5.29 .00  3.64 .00  2.93 .00  9999 .00  1        
 93.514    46893.51   7.77 .00  5.26 .00  3.60 .00  2.90 .00  9999 .00  1        
 94.53     46894.53   7.78 .00  5.23 .00  3.57 .00  2.87 .00  9999 .00  1        
 95.515    46895.52   7.75 .00  5.21 .00  3.55 .00  2.84 .00  9999 .00  1        
 96.547    46896.55   7.76 .00  5.18 .00  3.53 .00  2.82 .00  9999 .00  1        
 97.509    46897.51   7.75 .00  5.14 .00  3.49 .00  2.79 .00  9999 .00  1        
 101.518   46901.52   7.67 .00  5.03 .00  3.38 .00  2.69 .00  9999 .00  1        
 102.499   46902.50   7.64 .00  5.01 .00  3.35 .00  2.67 .00  9999 .00  1        
 103.552   46903.55   7.61 .00  4.98 .00  3.33 .00  2.63 .00  9999 .00  1        
 104.518   46904.52   7.58 .00  4.95 .00  3.30 .00  2.61 .00  9999 .00  1        
 108.488   46908.49   7.43 .00  4.85 .00  3.21 .00  2.55 .00  9999 .00  1        
 109.536   46909.54   7.41 .00  4.84 .00  3.20 .00  2.51 .00  9999 .00  1        
 112.5     46912.50   7.36 .00  4.76 .00  3.14 .00  2.46 .00  9999 .00  1        
 113.491   46913.49   7.32 .00  4.73 .00  3.11 .00  2.45 .00  9999 .00  1        
 118.505   46918.51   7.21 .00  4.66 .00  3.04 .00  2.38 .00  9999 .00  1        
 119.482   46919.48   7.19 .00  4.65 .00  3.04 .00  2.38 .00  9999 .00  1        
 120.495   46920.50   7.19 .00  4.64 .00  3.03 .00  2.35 .00  9999 .00  1        
 123.496   46923.50   7.15 .00  4.61 .00  3.01 .00  2.34 .00  9999 .00  1        
 124.481   46924.48   7.11 .00  4.60 .00  2.99 .00  2.32 .00  9999 .00  1        
 125.493   46925.49   7.11 .00  4.60 .00  3.00 .00  2.32 .00  9999 .00  1        
 126.501   46926.50   7.11 .00  4.59 .00  2.99 .00  2.31 .00  9999 .00  1        
 129.487   46929.49   7.10 .00  4.58 .00  2.98 .00  2.30 .00  9999 .00  1        
 130.48    46930.48   7.09 .00  4.57 .00  2.98 .00  2.29 .00  9999 .00  1        
 131.527   46931.53   7.09 .00  4.58 .00  2.98 .00  2.29 .00  9999 .00  1        
 135.532   46935.53   7.12 .00  4.58 .00  2.97 .00  2.30 .00  9999 .00  1        
 136.467   46936.47   7.10 .00  4.57 .00  2.98 .00  2.27 .00  9999 .00  1        
 137.486   46937.49   7.07 .00  4.58 .00  2.98 .00  2.28 .00  9999 .00  1        
 139.494   46939.49   7.11 .00  4.60 .00  3.00 .00  2.28 .00  9999 .00  1        
 143.473   46943.47   7.14 .00  4.66 .00  3.03 .00  2.33 .00  9999 .00  1        
 145.469   46945.47   7.20 .00  4.69 .00  3.06 .00  2.34 .00  9999 .00  1        
 148.481   46948.48   7.28 .00  4.78 .00  3.15 .00  2.40 .00  9999 .00  1        
 151.456   46951.46   7.38 .00  4.90 .00  3.24 .00  2.48 .00  9999 .00  1        
 152.451   46952.45   7.49 .00  4.97 .00  3.29 .00  2.50 .00  9999 .00  1        
 153.514   46953.51   7.47 .00  5.00 .00  3.32 .00  2.52 .00  9999 .00  1        
 154.489   46954.49   7.61 .00  5.11 .00  3.39 .00  2.57 .00  9999 .00  1        
 156.469   46956.47   7.65 .00  5.17 .00  3.48 .00  2.65 .00  9999 .00  1        
 157.469   46957.47   7.72 .00  5.24 .00  3.53 .00  2.69 .00  9999 .00  1        
 158.462   46958.46   7.78 .00  5.30 .00  3.58 .00  2.74 .00  9999 .00  1        
 159.473   46959.47   7.86 .00  5.35 .00  3.66 .00  2.79 .00  9999 .00  1        
 160.489   46960.49   7.93 .00  5.43 .00  3.71 .00  2.83 .00  9999 .00  1        
 161.475   46961.48   7.99 .00  5.49 .00  3.78 .00  2.88 .00  9999 .00  1        
 163.481   46963.48   8.11 .00  5.63 .00  3.91 .00  3.01 .00  9999 .00  1        
 164.463   46964.46   8.19 .00  5.68 .00  3.97 .00  3.05 .00  9999 .00  1        
 165.464   46965.46   8.28 .00  5.74 .00  4.03 .00  3.10 .00  9999 .00  1        
 166.478   46966.48   8.32 .00  5.81 .00  4.08 .00  3.14 .00  9999 .00  1        
 167.47    46967.47   8.37 .00  5.85 .00  4.12 .00  3.18 .00  9999 .00  1        
 168.472   46968.47   8.48 .00  5.90 .00  4.17 .00  3.23 .00  9999 .00  1        
 169.467   46969.47   8.50 .00  5.94 .00  4.22 .00  3.27 .00  9999 .00  1        
 171.482   46971.48   8.58 .00  6.00 .00  4.27 .00  3.32 .00  9999 .00  1        
 172.47    46972.47   8.58 .00  6.02 .00  4.30 .00  3.33 .00  9999 .00  1        
 173.471   46973.47   8.67 .00  6.03 .00  4.31 .00  3.35 .00  9999 .00  1        
 175.478   46975.48   8.65 .00  6.09 .00  4.35 .00  3.38 .00  9999 .00  1        
 178.485   46978.49   8.72 .00  6.11 .00  4.40 .00  3.41 .00  9999 .00  1        
 179.464   46979.46   8.68 .00  6.12 .00  4.41 .00  3.43 .00  9999 .00  1        
 180.467   46980.47   8.74 .00  6.14 .00  4.44 .00  3.44 .00  9999 .00  1        
 181.469   46981.47   8.68 .00  6.15 .00  4.43 .00  3.44 .00  9999 .00  1        
 181.916   46981.92   8.74 .00  6.13 .00  4.43 .00  3.46 .00  9999 .00  1        
 206.902   47006.90   8.75 .00  6.34 .00  4.71 .00  3.68 .00  9999 .00  1        
 207.879   47007.88   8.76 .00  6.35 .00  4.72 .00  3.69 .00  9999 .00  1        
 208.893   47008.89   8.76 .00  6.36 .00  4.74 .00  3.71 .00  9999 .00  1        
 209.879   47009.88   8.75 .00  6.37 .00  4.75 .00  3.70 .00  9999 .00  1        
 213.904   47013.90   8.75 .00  6.39 .00  4.79 .00  3.74 .00  9999 .00  1        
 224.901   47024.90   8.74 .00  6.47 .00  4.90 .00  3.83 .00  9999 .00  1        
 226.884   47026.88   8.74 .00  6.48 .00  4.92 .00  3.84 .00  9999 .00  1        
 237.888   47037.89   8.74 .00  6.56 .00  5.03 .00  3.94 .00  9999 .00  1        
 241.876   47041.88   8.73 .00  6.59 .00  5.07 .00  3.98 .00  9999 .00  1        
 244.835   47044.84   8.73 .00  6.60 .00  5.10 .00  3.99 .00  9999 .00  1        
 247.844   47047.84   8.72 .00  6.63 .00  5.14 .00  4.03 .00  9999 .00  1        
 250.785   47050.79   8.72 .00  6.65 .00  5.16 .00  4.04 .00  9999 .00  1        
 254.779   47054.78   8.72 .00  6.68 .00  5.20 .00  4.07 .00  9999 .00  1        
 264.801   47064.80   8.72 .00  6.74 .00  5.30 .00  4.16 .00  9999 .00  1        
 287.806   47087.81   8.70 .00  6.88 .00  5.52 .00  4.35 .00  9999 .00  1        
 289.724   47089.72   8.70 .00  6.91 .00  5.55 .00  4.38 .00  9999 .00  1        
 295.759   47095.76   8.71 .00  6.93 .00  5.60 .00  4.41 .00  9999 .00  1        
 296.82    47096.82   8.70 .00  6.94 .00  5.61 .00  4.43 .00  9999 .00  1        
 303.745   47103.75   8.70 .00  6.98 .00  5.68 .00  4.48 .00  9999 .00  1        
 306.794   47106.79   8.71 .00  7.03 .00  5.73 .00  4.53 .00  9999 .00  1        
 310.632   47110.63   8.70 .00  7.03 .00  5.74 .00  4.54 .00  9999 .00  1        
 317.692   47117.69   8.70 .00  7.08 .00  5.82 .00  4.60 .00  9999 .00  1        
 321.78    47121.78   8.69 .00  7.11 .00  5.85 .00  4.65 .00  9999 .00  1        
 323.755   47123.76   8.70 .00  7.11 .00  5.87 .00  4.67 .00  9999 .00  1        
 330.741   47130.74   8.70 .00  7.16 .00  5.93 .00  4.72 .00  9999 .00  1        
 335.695   47135.70   8.70 .00  7.19 .00  5.99 .00  4.78 .00  9999 .00  1        
 342.813   47142.81   8.71 .00  7.24 .00  6.05 .00  4.85 .00  9999 .00  1        
 345.679   47145.68   8.71 .00  7.26 .00  6.07 .00  4.87 .00  9999 .00  1        
 347.641   47147.64   8.73 .00  7.27 .00  6.10 .00  4.90 .00  9999 .00  1        
 348.772   47148.77   8.72 .00  7.27 .00  6.11 .00  4.90 .00  9999 .00  1        
 349.608   47149.61   8.72 .00  7.28 .00  6.11 .00  4.91 .00  9999 .00  1        
 350.746   47150.75   8.73 .00  7.29 .00  6.12 .00  4.92 .00  9999 .00  1        
 351.664   47151.66   8.72 .00  7.30 .00  6.14 .00  4.93 .00  9999 .00  1        
 358.649   47158.65   8.73 .00  7.34 .00  6.20 .00  5.00 .00  9999 .00  1        
 366.609   47166.61   8.74 .00  7.39 .00  6.27 .00  5.08 .00  9999 .00  1        
 371.62    47171.62   8.74 .00  7.43 .00  6.32 .00  5.11 .00  9999 .00  1        
 378.61    47178.61   8.77 .00  7.47 .00  6.38 .00  5.20 .00  9999 .00  1        
 380.598   47180.60   8.77 .00  7.48 .00  6.40 .00  5.22 .00  9999 .00  1        
 387.586   47187.59   8.77 .00  7.53 .00  6.46 .00  5.29 .00  9999 .00  1        
 389.624   47189.62   8.78 .00  7.54 .00  6.49 .00  5.31 .00  9999 .00  1        
 394.627   47194.63   8.79 .00  7.57 .00  6.53 .00  5.36 .00  9999 .00  1        
 395.642   47195.64   8.80 .00  7.58 .00  6.54 .00  5.38 .00  9999 .00  1        
 398.599   47198.60   8.79 .00  7.61 .00  6.57 .00  5.41 .00  9999 .00  1        
 405.59    47205.59   8.84 .00  7.65 .00  6.63 .00  5.49 .00  9999 .00  1        
 411.615   47211.62   8.84 .00  7.69 .00  6.70 .00  5.55 .00  9999 .00  1        
 418.555   47218.56   8.85 .00  7.74 .00  6.75 .00  5.62 .00  9999 .00  1        
 421.539   47221.54   8.86 .00  7.76 .00  6.78 .00  5.65 .00  9999 .00  1        
 427.565   47227.57   8.86 .00  7.81 .00  6.85 .00  5.73 .00  9999 .00  1        
 431.542   47231.54   8.89 .00  7.84 .00  6.88 .00  5.78 .00  9999 .00  1        
 436.532   47236.53   8.92 .00  7.88 .00  6.94 .00  5.82 .00  9999 .00  1        
 440.558   47240.56   8.96 .00  7.92 .00  6.98 .00  5.89 .00  9999 .00  1        
 443.602   47243.60   8.94 .00  7.93 .00  7.00 .00  5.92 .00  9999 .00  1        
 445.545   47245.55   8.94 .00  7.95 .00  7.02 .00  5.94 .00  9999 .00  1        
 449.507   47249.51   8.94 .00  7.98 .00  7.05 .00  5.98 .00  9999 .00  1        
 451.525   47251.53   8.96 .00  7.99 .00  7.07 .00  6.00 .00  9999 .00  1        
 451.525   47251.53   8.98 .00  7.99 .00  7.07 .00  6.00 .00  9999 .00  1        
 458.551   47258.55   9.00 .00  8.05 .00  7.15 .00  6.09 .00  9999 .00  1        
 465.504   47265.50   9.03 .00  8.11 .00  7.22 .00  6.18 .00  9999 .00  1        
 468.52    47268.52   9.04 .00  8.13 .00  7.25 .00  6.21 .00  9999 .00  1        
 471.541   47271.54   9.07 .00  8.15 .00  7.29 .00  6.25 .00  9999 .00  1        
 476.508   47276.51   9.07 .00  8.20 .00  7.33 .00  6.32 .00  9999 .00  1        
 486.52    47286.52   9.12 .00  8.28 .00  7.44 .00  6.44 .00  9999 .00  1        
 489.508   47289.51   9.13 .00  8.31 .00  7.47 .00  6.48 .00  9999 .00  1        
 505.49    47305.49   9.24 .00  8.45 .00  7.65 .00  6.68 .00  9999 .00  1        
 526.516   47326.52   9.43 .00  8.66 .00  7.89 .00  6.97 .00  9999 .00  1        
 526.516   47326.52   9.41 .00  8.65 .00  7.90 .00  6.98 .00  9999 .00  1        
 543.902   47343.90   9.49 .00  8.84 .00  8.10 .00  7.23 .00  9999 .00  1        
 565.915   47365.92   9.68 .00  9.10 .00  8.40 .00  7.59 .00  9999 .00  1        
 566.919   47366.92   9.68 .00  9.11 .00  8.42 .00  7.61 .00  9999 .00  1        
 567.877   47367.88   9.68 .00  9.13 .00  8.44 .00  7.62 .00  9999 .00  1        
 575.888   47375.89   9.76 .00  9.23 .00  8.56 .00  7.77 .00  9999 .00  1        
 581.898   47381.90   9.81 .00  9.31 .00  8.66 .00  7.88 .00  9999 .00  1        
 597.867   47397.87   9.98 .00  9.55 .00  8.95 .00  8.20 .00  9999 .00  1        
 612.9     47412.90  10.12 .00  9.76 .00  9.20 .00  8.50 .00  9999 .00  1       
 618.873   47418.87  10.19 .00  9.88 .00  9.34 .00  8.65 .00  9999 .00  1       
 620.787   47420.79  10.21 .00  9.91 .00  9.38 .00  8.70 .00  9999 .00  1       
 624.841   47424.84  10.26 .00 10.00 .00  9.47 .00  8.80 .00  9999 .00  1          
 630.698   47430.70  10.33 .00 10.08 .00  9.60 .00  8.93 .00  9999 .00  1      
 633.68    47433.68  10.38 .00 10.13 .00  9.67 .00  9.00 .00  9999 .00  1      
 638.782   47438.78  10.42 .00 10.23 .00  9.76 .00  9.11 .00  9999 .00  1      
 643.603   47443.60  10.50 .00 10.31 .00  9.88 .00  9.22 .00  9999 .00  1      
 646.637   47446.64  10.53 .00 10.37 .00  9.94 .00  9.29 .00  9999 .00  1      
 648.801   47448.80  10.56 .00 10.40 .00  9.98 .00  9.34 .00  9999 .00  1      
 652.779   47452.78  10.60 .00 10.47 .00 10.05 .00  9.43 .00  9999 .00  1     
 656.682   47456.68  10.65 .00 10.53 .00 10.13 .00  9.51 .00  9999 .00  1     
 658.797   47458.80  10.63 .00 10.55 .00 10.17 .00  9.55 .00  9999 .00  1     
 660.813   47460.81  10.63 .00 10.58 .00 10.20 .00  9.58 .00  9999 .00  1     
 665.724   47465.72  10.75 .00 10.68 .00 10.31 .00  9.71 .00  9999 .00  1     
 670.677   47470.68  10.81 .00 10.77 .00 10.42 .00  9.81 .00  9999 .00  1     
 684.619   47484.62  10.96 .00 10.97 .00 10.66 .00 10.07 .00  9999 .00  1    
 687.717   47487.72  10.99 .00 11.02 .00 10.71 .00 10.13 .00  9999 .00  1    
 687.717   47487.72  11.00 .00 11.02 .00 10.71 .00 10.12 .00  9999 .00  1    
 687.719   47487.72  10.96 .00 11.00 .00 10.70 .00 10.12 .00  9999 .00  1    
 688.722   47488.72  10.99 .00 11.03 .00 10.74 .00 10.16 .00  9999 .00  1    
 688.722   47488.72  10.98 .00 11.03 .00 10.73 .00 10.15 .00  9999 .00  1    
 688.724   47488.72  10.98 .00 11.00 .00 10.72 .00 10.14 .00  9999 .00  1    
 689.746   47489.75  11.02 .00 11.05 .00 10.75 .00 10.17 .00  9999 .00  1    
 689.747   47489.75  11.01 .00 11.06 .00 10.75 .00 10.17 .00  9999 .00  1    
 692.66    47492.66  10.98 .00 11.05 .00 10.77 .00 10.20 .00  9999 .00  1    
 692.693   47492.69  11.05 .00 11.09 .00 10.80 .00 10.22 .00  9999 .00  1    
 693.707   47493.71  11.00 .00 11.08 .00 10.80 .00 10.22 .00  9999 .00  1    
 693.725   47493.73  11.06 .00 11.11 .00 10.82 .00 10.24 .00  9999 .00  1    
 705.732   47505.73  11.22 .00 11.32 .00 11.09 .00 10.51 .00  9999 .00  1    
 713.593   47513.59  11.28 .00 11.39 .00 11.16 .00 10.57 .00  9999 .00  1    
 717.669   47517.67  11.31 .00 11.44 .00 11.21 .00 10.62 .00  9999 .00  1    
 724.658   47524.66  11.40 .00 11.54 .00 11.33 .00 10.75 .00  9999 .00  1    
 726.601   47526.60  11.46 .00 11.59 .00 11.38 .00 10.79 .00  9999 .00  1    
 730.526   47530.53  11.56 .00 11.67 .00 11.45 .00 10.85 .00  9999 .00  1    
 739.519   47539.52  11.58 .00 11.74 .00 11.56 .00 10.98 .00  9999 .00  1    
 743.523   47543.52  11.65 .00 11.80 .00 11.63 .00 11.03 .00  9999 .00  1    
 751.669   47551.67  11.71 .00 11.91 .00 11.76 .00 11.17 .00  9999 .00  1    
 759.552   47559.55  11.77 .00 11.99 .00 11.85 .00 11.24 .00  9999 .00  1    
 760.559   47560.56  11.79 .00 11.99 .00 11.86 .00 11.26 .00  9999 .00  1    
 761.554   47561.55  11.79 .00 12.00 .00 11.87 .00 11.26 .00  9999 .00  1    
 767.554   47567.55  11.85 .00 12.08 .00 11.95 .00 11.35 .00  9999 .00  1    
 768.552   47568.55  11.88 .00 12.09 .00 11.98 .00 11.37 .00  9999 .00  1    
 778.571   47578.57  11.98 .00 12.23 .00 12.12 .00 11.51 .00  9999 .00  1    
 820.513   47620.51  12.24 .00 12.56 .00 12.50 .00 11.91 .00  9999 .00  1    
 820.513   47620.51  12.25 .00 12.56 .00 12.51 .00 11.92 .00  9999 .00  1    
 862.474   47662.47  12.50 .00 12.92 .00 12.89 .00 12.31 .00  9999 .00  1    
 23/2/87   46849.94   9999 .00  9999 .00  5.94 .00  9999 .00  9999 .00  1    
 23/2/87   46850.12   9999 .00  9999 .00  5.32 .00  9999 .00  9999 .00  1    
 24/2/87   46850.95   9999 .00  9999 .00  4.74 .00  9999 .00  9999 .00  1    
 20/4/91   48367.00   9999 .00  9999 .00 17.50 .00  9999 .00  9999 .00  1    
 2/9/92    48868.80   9999 .00  9999 .00  9999 .00 16.79 .00  9999 .00  1    
______________________________________________________________________________________
JHKLM   JD_max  46849.69 .00 46849.69 .00 46849.69 .00  46849.69 .00  46849.69 .00
          m_max    9999  .00 9999  .00 9999  .00 9999  .00 9999  .00
 Date      JD       J         H          K           L           M       S     
0    46852.27    3.83 .00   3.69 .00   3.47 .00    3.22 .00    9999 .00       1
0    46852.31    3.81 .00   3.68 .00   3.38 .00    3.27 .00    9999 .00       1
0    46852.33    3.81 .00   3.68 .00   3.46 .00    3.18 .00    9999 .00       1
0    46852.35    3.81 .00   3.67 .00   3.46 .00    3.24 .00    9999 .00       1
0    46852.38    3.81 .00   3.66 .00   3.45 .00    3.22 .00    9999 .00       1
0    46852.56    3.76 .00   3.60 .00   3.41 .00    9999 .00    9999 .00       1
0    46853.27    3.65 .00   3.47 .00   3.24 .00    2.91 .00    9999 .00       1
0    46853.36    3.61 .00   3.44 .00   3.21 .00    2.92 .00    9999 .00       1
0    46854.43    3.46 .00   3.29 .00   3.05 .00    2.81 .00    9999 .00       1
0    46855.31    3.41 .00   3.21 .00   2.97 .00    2.68 .00    9999 .00       1
0    46856.35    3.33 .00   3.14 .00   2.91 .00    2.63 .00    9999 .00       1
0    46858.29    3.23 .00   3.01 .00   2.79 .00    2.54 .00    9999 .00       1
0    46859.43    3.18 .00   2.94 .00   2.73 .00    9999 .00    9999 .00       1
0    46860.27    3.14 .00   2.89 .00   2.69 .00    2.44 .00    9999 .00       1
0    46861.25    3.09 .00   2.83 .00   2.64 .00    2.38 .00    9999 .00       1
0    46862.24    3.04 .00   2.77 .00   2.57 .00    2.33 .00    9999 .00       1
0    46863.40    2.97 .00   2.70 .00   2.51 .00    2.21 .00    9999 .00       1
0    46864.25    2.94 .00   2.66 .00   2.46 .00    2.18 .00    9999 .00       1
0    46865.24    2.87 .00   2.60 .00   2.41 .00    2.12 .00    9999 .00       1
0    46865.35    2.89 .00   2.61 .00   2.43 .00    2.15 .00    1.95 .00       1    
0    46866.36    2.82 .00   2.53 .00   2.34 .00    2.05 .00    9999 .00       1
0    46867.38    2.77 .00   2.49 .00   2.30 .00    2.01 .00    9999 .00       1
0    46868.31    2.72 .00   2.43 .00   2.25 .00    1.93 .00    9999 .00       1
0    46871.22    2.60 .00   2.31 .00   2.12 .00    1.81 .00    9999 .00       1
0    46872.26    2.56 .00   2.27 .00   2.08 .00    1.78 .00    1.65 .00       1
0    46873.23    2.51 .00   2.21 .00   2.03 .00    1.73 .00    1.44 .00       1
0    46873.27    2.52 .00   2.23 .00   2.04 .00    1.76 .00    9999 .00       1
0    46874.25    2.48 .00   2.19 .00   2.00 .00    1.68 .00    9999 .00       1
0    46875.24    2.45 .00   2.17 .00   1.97 .00    1.68 .00    9999 .00       1
0    46876.24    2.42 .00   2.12 .00   1.94 .00    1.62 .00    9999 .00       1
0    46877.24    2.38 .00   2.10 .00   1.90 .00    1.58 .00    1.33 .00       1
0    46878.23    2.35 .00   2.06 .00   1.86 .00    1.57 .00    1.30 .00       1
0    46879.34    2.33 .00   2.03 .00   1.83 .00    1.52 .00    9999 .00       1
0    46880.24    2.28 .00   2.01 .00   1.80 .00    1.49 .00    9999 .00       1
0    46881.24    2.25 .00   1.97 .00   1.77 .00    1.46 .00    9999 .00       1
0    46882.24    2.22 .00   1.94 .00   1.73 .00    1.44 .00    9999 .00       1
0    46885.23    2.15 .00   1.87 .00   1.67 .00    1.35 .00    9999 .00       1
0    46886.23    2.12 .00   1.84 .00   1.63 .00    1.33 .00    9999 .00       1
0    46886.24    2.11 .00   1.85 .00   1.64 .00    1.35 .00    1.10 .00       1
0    46887.26    2.08 .00   1.81 .00   1.61 .00    1.29 .00    1.07 .00       1
0    46888.23    2.07 .00   1.79 .00   1.58 .00    1.25 .00    9999 .00       1
0    46890.31    2.01 .00   1.72 .00   1.51 .00    1.18 .00    9999 .00       1
0    46892.26    1.95 .00   1.67 .00   1.46 .00    1.11 .00    9999 .00       1
0    46893.32    9999 .00   9999 .00   9999 .00    1.13 .00    0.82 .00       1
0    46894.25    1.89 .00   1.62 .00   1.41 .00    1.06 .00    9999 .00       1
0    46895.22    1.86 .00   1.58 .00   1.37 .00    1.05 .00    0.79 .00       1
0    46897.22    1.81 .00   1.54 .00   1.32 .00    0.98 .00    0.74 .00       1
0    46898.20    9999 .00   9999 .00   9999 .00    0.95 .00    0.71 .00       1
0    46898.24    1.80 .00   1.51 .00   1.30 .00    0.95 .00    9999 .00       1
0    46899.22    1.76 .00   1.48 .00   1.27 .00    0.93 .00    0.66 .00       1
0    46901.23    1.73 .00   1.43 .00   1.20 .00    0.88 .00    0.59 .00       1
0    46903.23    1.67 .00   1.39 .00   1.17 .00    0.82 .00    0.56 .00       1
0    46904.36    1.64 .00   1.37 .00   1.15 .00    0.81 .00    9999 .00       1
0    46904.38    9999 .00   9999 .00   9999 .00    9999 .00    0.52 .00       1
0    46906.31    9999 .00   9999 .00   9999 .00    0.82 .00    0.50 .00       1
0    46906.44    1.57 .00   1.31 .00   1.09 .00    0.75 .00    9999 .00       1
0    46908.20    1.57 .00   1.29 .00   1.08 .00    0.71 .00    9999 .00       1
0    46910.20    1.54 .00   1.26 .00   1.04 .00    0.70 .00    9999 .00       1
0    46912.20    1.50 .00   1.22 .00   1.00 .00    0.62 .00    9999 .00       1
0    46914.26    1.47 .00   1.19 .00   0.96 .00    0.61 .00    9999 .00       1
0    46916.22    1.45 .00   1.17 .00   0.95 .00    0.59 .00    9999 .00       1
0    46918.21    1.42 .00   1.14 .00   0.91 .00    0.55 .00    9999 .00       1
0    46921.30    1.38 .00   1.09 .00   0.87 .00    0.52 .00    9999 .00       1
0    46924.23    1.34 .00   1.07 .00   0.84 .00    0.47 .00    9999 .00       1
0    46925.22    1.34 .00   1.06 .00   0.83 .00    0.45 .00    9999 .00       1
0    46926.82    9999 .00   9999 .00   9999 .00    9999 .00    0.19 .00       1
0    46930.23    1.33 .00   1.04 .00   0.81 .00    0.42 .00    9999 .00       1
0    46932.20    1.32 .00   1.02 .00   0.79 .00    0.39 .00    9999 .00       1
0    46934.21    1.30 .00   1.02 .00   0.78 .00    0.39 .00    9999 .00       1
0    46936.20    1.29 .00   1.01 .00   0.76 .00    0.36 .00    9999 .00       1
0    46941.20    1.30 .00   1.00 .00   0.76 .00    0.35 .00    9999 .00       1
0    46942.24    1.31 .00   1.00 .00   0.76 .00    0.35 .00    9999 .00       1
0    46943.24    1.31 .00   1.01 .00   0.75 .00    0.37 .00    9999 .00       1
0    46947.24    1.34 .00   1.03 .00   0.78 .00    0.37 .00    9999 .00       1
0    46949.23    1.36 .00   1.04 .00   0.79 .00    0.36 .00    9999 .00       1
0    46952.21    1.41 .00   1.09 .00   0.81 .00    0.38 .00    9999 .00       1
0    46955.21    1.48 .00   1.14 .00   0.87 .00    0.41 .00    9999 .00       1
0    46959.21    1.60 .00   1.24 .00   0.96 .00    0.44 .00    9999 .00       1
0    46961.21    1.68 .00   1.31 .00   1.03 .00    0.50 .00    9999 .00       1
0    46965.24    1.87 .00   1.46 .00   1.15 .00    0.58 .00    9999 .00       1
0    46967.21    1.94 .00   1.55 .00   1.23 .00    0.65 .00    9999 .00       1
0    46967.23    9999 .00   9999 .00   9999 .00    0.69 .00    0.04 .00       1
0    46968.23    1.99 .00   1.58 .00   1.28 .00    0.67 .00    9999 .00       1
0    46970.70    2.06 .00   1.66 .00   1.34 .00    0.74 .00    9999 .00       1
0    46972.71    2.11 .00   1.70 .00   1.38 .00    0.76 .00    9999 .00       1
0    46975.71    2.12 .00   1.75 .00   1.43 .00    0.81 .00    9999 .00       1
0    46978.21    2.21 .00   1.80 .00   1.48 .00    0.88 .00    9999 .00       1
0    46980.71    2.21 .00   1.82 .00   1.49 .00    0.87 .00    9999 .00       1
0    46983.21    2.23 .00   1.85 .00   1.50 .00    0.88 .00    9999 .00       1
0    46985.64    2.28 .00   1.89 .00   1.56 .00    0.93 .00    0.19 .00       1
0    46986.64    2.31 .00   1.92 .00   1.57 .00    0.95 .00    9999 .00       1
0    46989.63    2.33 .00   1.96 .00   1.61 .00    0.99 .00    0.05 .00       1
0    46990.60    2.33 .00   1.98 .00   1.62 .00    1.02 .00    0.12 .00       1
0    46991.62    2.36 .00   1.99 .00   1.63 .00    1.02 .00    0.17 .00       1
0    46997.66    2.43 .00   2.10 .00   1.70 .00    1.10 .00    9999 .00       1
0    47000.59    2.44 .00   2.11 .00   1.74 .00    1.14 .00    9999 .00       1
0    47005.60    2.53 .00   2.22 .00   1.83 .00    1.24 .00    9999 .00       1
0    47009.65    2.56 .00   2.28 .00   1.86 .00    1.30 .00    9999 .00       1
0    47013.64    2.62 .00   2.35 .00   1.93 .00    1.38 .00    0.17 .00       1
0    47014.65    2.63 .00   2.37 .00   1.94 .00    1.39 .00    9999 .00       1
0    47020.54    2.68 .00   2.47 .00   2.02 .00    1.48 .00    9999 .00       1
0    47023.56    2.73 .00   2.52 .00   2.06 .00    1.55 .00    9999 .00       1
0    47027.68    2.77 .00   2.58 .00   2.12 .00    1.61 .00    9999 .00       1
0    47030.67    2.81 .00   2.63 .00   2.17 .00    1.68 .00    9999 .00       1
0    47033.61    2.85 .00   2.68 .00   2.21 .00    1.73 .00    9999 .00       1
0    47034.56    2.86 .00   2.70 .00   2.22 .00    1.72 .00    9999 .00       1
0    47040.58    2.98 .00   2.86 .00   2.30 .00    1.85 .00    9999 .00       1
0    47041.55    9999 .00   9999 .00   2.33 .00    1.86 .00    0.20 .00       1
0    47043.54    2.99 .00   2.85 .00   2.38 .00    1.91 .00    9999 .00       1
0    47046.52    2.99 .00   2.89 .00   2.42 .00    1.95 .00    9999 .00       1
0    47047.35    9999 .00   9999 .00   9999 .00    9999 .00    0.31 .00       1
0    47049.62    3.04 .00   2.94 .00   2.45 .00    2.01 .00    9999 .00       1
0    47052.54    3.08 .00   3.00 .00   2.51 .00    2.06 .00    0.19 .00       1
0    47056.52    3.12 .00   3.06 .00   2.55 .00    2.15 .00    9999 .00       1
0    47068.49    3.27 .00   3.26 .00   2.74 .00    2.37 .00    9999 .00       1
0    47073.57    3.34 .00   3.35 .00   2.82 .00    2.47 .00    9999 .00       1
0    47077.54    3.40 .00   3.41 .00   2.88 .00    2.56 .00    0.44 .00       1
0    47081.49    3.44 .00   3.48 .00   2.95 .00    2.63 .00    0.47 .00       1
0    47082.55    3.45 .00   3.48 .00   2.97 .00    2.61 .00    9999 .00       1
0    47086.55    3.48 .00   3.55 .00   3.03 .00    2.72 .00    9999 .00       1
0    47090.56    3.54 .00   3.61 .00   3.09 .00    2.76 .00    9999 .00       1
0    47095.46    3.62 .00   3.69 .00   3.17 .00    2.83 .00    9999 .00       1
0    47096.39    3.66 .00   3.71 .00   3.20 .00    2.88 .00    0.56 .00       1
0    47098.45    3.68 .00   3.74 .00   3.22 .00    2.93 .00    0.58 .00       1
0    47101.40    3.71 .00   3.78 .00   3.28 .00    3.00 .00    0.64 .00       1
0    47104.36    3.73 .00   3.81 .00   3.31 .00    3.03 .00    0.74 .00       1
0    47107.38    3.77 .00   3.86 .00   3.36 .00    3.08 .00    0.71 .00       1
0    47109.55    3.81 .00   3.90 .00   3.41 .00    9999 .00    0.67 .00       1
0    47113.52    3.87 .00   3.97 .00   3.46 .00    3.20 .00    9999 .00       1
0    47117.30    3.91 .00   4.00 .00   3.53 .00    3.27 .00    9999 .00       1
0    47119.36    3.95 .00   4.04 .00   3.58 .00    3.32 .00    0.78 .00       1
0    47120.36    3.95 .00   4.06 .00   3.59 .00    3.32 .00    0.78 .00       1
0    47121.31    3.97 .00   4.07 .00   3.60 .00    3.33 .00    9999 .00       1
0    47125.51    4.01 .00   4.13 .00   3.68 .00    3.39 .00    9999 .00       1
0    47129.38    4.08 .00   4.18 .00   3.73 .00    3.49 .00    9999 .00       1
0    47131.36    4.10 .00   4.21 .00   3.77 .00    3.51 .00    0.98 .00       1
0    47133.40    4.11 .00   4.22 .00   3.80 .00    3.51 .00    9999 .00       1
0    47133.48    9999 .00   9999 .00   9999 .00    3.52 .00    0.98 .00       1
0    47136.43    4.16 .00   4.28 .00   3.86 .00    3.56 .00    1.00 .00       1
0    47138.46    4.18 .00   4.29 .00   3.89 .00    3.57 .00    9999 .00       1
0    47143.39    4.25 .00   4.35 .00   3.95 .00    3.66 .00    1.09 .00       1
0    47148.41    4.33 .00   4.43 .00   4.04 .00    3.75 .00    9999 .00       1
0    47153.30    4.38 .00   4.48 .00   4.12 .00    3.78 .00    1.17 .00       1
0    47156.29    4.43 .00   4.53 .00   4.17 .00    3.86 .00    1.23 .00       1
0    47158.32    4.45 .00   4.56 .00   4.21 .00    3.87 .00    9999 .00       1
0    47159.35    4.47 .00   4.56 .00   4.22 .00    3.88 .00    1.24 .00       1
0    47163.35    4.51 .00   4.61 .00   4.27 .00    3.93 .00    1.24 .00       1
0    47169.34    4.59 .00   4.69 .00   4.36 .00    3.99 .00    9999 .00       1
0    47174.42    4.64 .00   4.73 .00   4.46 .00    4.10 .00    9999 .00       1
0    47178.36    4.68 .00   4.77 .00   4.49 .00    4.11 .00    9999 .00       1
0    47183.33    4.75 .00   4.83 .00   4.58 .00    4.17 .00    9999 .00       1
0    47188.33    4.81 .00   4.90 .00   4.66 .00    4.27 .00    9999 .00       1
0    47193.34    4.87 .00   4.94 .00   4.73 .00    4.31 .00    1.60 .00       1
0    47199.59    4.94 .00   4.99 .00   4.83 .00    4.37 .00    1.64 .00       1
0    47204.29    5.01 .00   5.06 .00   4.89 .00    4.42 .00    9999 .00       1
0    47209.41    5.09 .00   5.10 .00   4.99 .00    4.48 .00    9999 .00       1
0    47214.27    5.16 .00   5.17 .00   5.05 .00    4.52 .00    9999 .00       1
0    47215.44    5.15 .00   5.17 .00   5.07 .00    4.55 .00    1.81 .00       1
0    47219.26    5.20 .00   5.22 .00   5.15 .00    4.61 .00    9999 .00       1
0    47224.28    5.25 .00   5.25 .00   5.20 .00    4.66 .00    1.87 .00       1
0    47230.58    5.32 .00   5.29 .00   5.29 .00    4.77 .00    9999 .00       1
0    47235.30    5.39 .00   5.38 .00   5.37 .00    4.77 .00    1.99 .00       1
0    47241.29    5.47 .00   5.44 .00   5.46 .00    4.86 .00    9999 .00       1
0    47243.31    5.53 .00   5.45 .00   5.49 .00    4.86 .00    2.10 .00       1
0    47247.24    5.55 .00   5.50 .00   5.56 .00    4.91 .00    2.10 .00       1
0    47253.24    5.62 .00   5.55 .00   5.63 .00    4.95 .00    2.17 .00       1
0    47259.21    5.69 .00   5.62 .00   5.73 .00    5.05 .00    9999 .00       1
0    47264.28    5.76 .00   5.64 .00   5.80 .00    5.07 .00    2.29 .00       1
0    47265.23    5.76 .00   5.66 .00   5.80 .00    5.11 .00    9999 .00       1
0    47270.22    5.82 .00   5.70 .00   5.86 .00    5.09 .00    9999 .00       1
0    47275.23    5.89 .00   5.78 .00   5.96 .00    5.19 .00    9999 .00       1
0    47281.21    5.95 .00   5.81 .00   6.03 .00    5.25 .00    9999 .00       1
0    47287.23    6.05 .00   5.88 .00   6.13 .00    5.32 .00    2.54 .00       1
0    47290.24    6.10 .00   5.89 .00   6.18 .00    5.35 .00    2.51 .00       1
0    47292.19    6.09 .00   5.92 .00   6.21 .00    5.35 .00    9999 .00       1
0    47298.19    6.19 .00   5.99 .00   6.29 .00    5.42 .00    9999 .00       1
0    47299.20    6.23 .00   6.00 .00   6.30 .00    5.43 .00    2.62 .00       1
0    47303.30    6.25 .00   6.05 .00   6.35 .00    9999 .00    9999 .00       1
0    47307.20    6.34 .00   6.12 .00   6.45 .00    5.53 .00    9999 .00       1
0    47311.20    6.37 .00   6.13 .00   6.47 .00    5.52 .00    9999 .00       1
0    47313.66    6.36 .00   6.13 .00   6.50 .00    5.55 .00    2.78 .00       1
0    47317.25    6.46 .00   6.20 .00   6.58 .00    5.60 .00    9999 .00       1
0    47321.67    6.52 .00   6.22 .00   6.62 .00    5.60 .00    2.78 .00       1
0    47323.20    6.53 .00   6.25 .00   6.65 .00    5.63 .00    2.84 .00       1
0    47330.21    6.62 .00   6.31 .00   6.75 .00    5.69 .00    9999 .00       1
0    47334.26    6.68 .00   6.33 .00   6.81 .00    5.70 .00    2.92 .00       1
0    47337.20    6.73 .00   6.39 .00   6.88 .00    5.78 .00    3.03 .00       1
0    47342.20    6.78 .00   6.41 .00   6.91 .00    5.76 .00    2.99 .00       1
0    47343.67    6.81 .00   6.47 .00   6.96 .00    5.78 .00    2.99 .00       1
0    47349.23    6.90 .00   9999 .00   7.05 .00    9999 .00    9999 .00       1
0    47356.21    9999 .00   9999 .00   9999 .00    5.89 .00    3.14 .00       1
0    47356.65    7.00 .00   6.63 .00   7.15 .00    5.95 .00    9999 .00       1
0    47364.61    7.10 .00   6.79 .00   7.28 .00    5.99 .00    3.23 .00       1
0    47366.62    7.17 .00   6.76 .00   7.31 .00    6.01 .00    3.24 .00       1
0    47372.65    7.29 .00   6.86 .00   7.42 .00    6.06 .00    3.28 .00       1
0    47378.62    7.37 .00   6.91 .00   7.51 .00    6.07 .00    9999 .00       1
0    47383.56    7.41 .00   7.00 .00   7.59 .00    6.16 .00    3.39 .00       1
0    47386.55    7.50 .00   7.04 .00   7.67 .00    6.20 .00    9999 .00       1
0    47390.55    7.59 .00   7.10 .00   7.74 .00    6.24 .00    3.45 .00       1
0    47394.57    7.68 .00   7.18 .00   7.80 .00    6.26 .00    9999 .00       1
0    47398.50    7.69 .00   7.19 .00   7.83 .00    9999 .00    9999 .00       1
0    47399.53    7.72 .00   7.22 .00   7.88 .00    9999 .00    9999 .00       1
0    47399.64    7.78 .00   7.30 .00   7.89 .00    6.37 .00    3.55 .00       1
0    47408.55    7.94 .00   7.40 .00   8.06 .00    6.35 .00    9999 .00       1
0    47410.33    7.99 .00   7.45 .00   8.08 .00    6.43 .00    3.66 .00       1
0    47410.65    9999 .00   9999 .00   9999 .00    6.40 .00    3.66 .00       1
0    47416.44    8.10 .00   7.56 .00   8.21 .00    6.50 .00    9999 .00       1
0    47422.48    8.23 .00   7.66 .00   8.34 .00    6.60 .00    9999 .00       1
0    47425.67    8.27 .00   7.70 .00   8.35 .00    6.58 .00    3.81 .00       1
0    47431.49    8.41 .00   7.84 .00   8.50 .00    6.71 .00    9999 .00       1
0    47435.60    8.47 .00   7.90 .00   8.57 .00    6.75 .00    3.96 .00       1
0    47437.63    8.52 .00   7.94 .00   8.60 .00    6.78 .00    3.96 .00       1
0    47438.51    8.52 .00   7.98 .00   8.64 .00    6.79 .00    3.99 .00       1
0    47439.58    8.54 .00   8.01 .00   8.66 .00    6.85 .00    9999 .00       1
0    47448.41    8.71 .00   8.17 .00   8.89 .00    9999 .00    9999 .00       1
0    47452.48    8.80 .00   8.28 .00   8.96 .00    7.04 .00    4.21 .00       1
0    47458.46    8.96 .00   8.39 .00   9.06 .00    7.31 .00    9999 .00       1
0    47460.35    8.98 .00   8.42 .00   9.06 .00    7.25 .00    4.31 .00       1
0    47462.39    8.97 .00   8.44 .00   9.09 .00    7.25 .00    4.29 .00       1
0    47464.38    9.02 .00   8.47 .00   9.12 .00    7.21 .00    4.36 .00       1
0    47466.39    9.09 .00   8.56 .00   9.22 .00    9999 .00    9999 .00       1
0    47473.57    9.14 .00   8.65 .00   9.28 .00    7.44 .00    4.52 .00       1
0    47483.30    9.29 .00   8.82 .00   9.41 .00    7.56 .00    4.66 .00       1
0    47486.50    9.36 .00   8.88 .00   9.50 .00    7.67 .00    4.75 .00       1
0    47490.52    9.39 .00   8.91 .00   9.50 .00    9999 .00    9999 .00       1
0    47495.31    9.53 .00   9.05 .00   9.69 .00    8.01 .00    4.81 .00       1
0    47502.49    9999 .00   9999 .00   9999 .00    8.21 .00    4.99 .00       1
0    47509.48    9.73 .00   9.35 .00   9.97 .00    8.36 .00    5.05 .00       1
0    47516.34    9.80 .00   9.40 .00  10.02 .00    8.55 .00    5.27 .00       1
0    47521.40    9.88 .00   9.47 .00  10.08 .00    8.65 .00    5.40 .00       1
0    47536.40   10.01 .00   9.66 .00  10.27 .00    9.03 .00    5.72 .00       1
0    47543.32   10.10 .00   9.76 .00  10.35 .00    8.99 .00    5.66 .00       1
0    47545.87   10.14 .00   9.92 .00  10.43 .00    9999 .00    5.86 .00       1
0    47550.43   10.20 .00   9.88 .00  10.51 .00    9.38 .00    5.87 .00       1
0    47566.39   10.33 .00  10.03 .00  10.68 .00    9.44 .00    6.09 .00       1
0    47581.26   10.55 .00  10.23 .00  10.88 .00    9.81 .00    6.51 .00       1
0    47584.90   10.60 .00  10.37 .00  10.95 .00    9999 .00    6.42 .00       1
0    47593.38   10.66 .00  10.34 .00  11.01 .00   10.04 .00    6.70 .00       1
0    47601.28   10.70 .00  10.41 .00  11.08 .00   10.16 .00    6.72 .00       1
0    47607.24   10.78 .00  10.51 .00  11.17 .00   10.15 .00    6.85 .00       1
0    47608.23   10.77 .00  10.50 .00  11.16 .00   10.16 .00    6.77 .00       1
0    47609.26   10.83 .00  10.53 .00  11.20 .00    9999 .00    6.87 .00       1
0    47617.22   10.90 .00  10.63 .00  11.28 .00   10.27 .00    7.01 .00       1
0    47619.22   10.93 .00  10.63 .00  11.29 .00   10.31 .00    7.07 .00       1
0    47620.22   10.93 .00  10.64 .00  11.30 .00   10.36 .00    7.01 .00       1
0    47635.22   11.05 .00  10.81 .00  11.43 .00   10.35 .00    7.26 .00       1
0    47641.20   11.13 .00  10.87 .00  11.53 .00   10.41 .00    7.41 .00       1
0    47657.19   11.25 .00  11.02 .00  11.65 .00   10.49 .00    7.59 .00       1
0    47669.21   11.38 .00  11.15 .00  11.82 .00   10.68 .00    7.69 .00       1
0    47676.21   11.48 .00  11.22 .00  11.87 .00   10.59 .00    8.31 .00       1
0    47683.23   11.50 .00  11.26 .00  11.88 .00   10.94 .00    8.02 .00       1
0    47691.20   11.61 .00  11.37 .00  11.95 .00   10.73 .00    8.35 .00       1
0    47698.22   11.66 .00  11.46 .00  12.06 .00    9999 .00    9999 .00       1
0    47702.62   11.71 .00  11.52 .00  12.06 .00    9999 .00    8.43 .00       1
0    47719.61   11.87 .00  11.67 .00  12.19 .00   11.06 .00    8.69 .00       1
0    47727.21   11.92 .00  11.75 .00  12.26 .00   11.07 .00    8.48 .00       1
0    47732.56   11.99 .00  11.81 .00  12.28 .00   10.98 .00    8.54 .00       1
0    47747.46   12.13 .00  12.00 .00  12.43 .00   11.14 .00    9.30 .00       1
0    47759.45   12.21 .00  12.10 .00  12.49 .00   11.39 .00    9.47 .00       1
0    47767.52   12.28 .00  12.19 .00  12.57 .00   11.21 .00    9.42 .00       1
0    47788.30   12.50 .00  12.46 .00  12.67 .00    9999 .00    9.3  .00       1
0    47795.42   12.55 .00  12.50 .00  12.77 .00    9999 .00    9999 .00       1
0    47803.30   12.61 .00  12.53 .00  12.78 .00   11.81 .00    9.63 .00       1
0    47810.37   12.65 .00  12.58 .00  12.75 .00   12.11 .00    9.37 .00       1
0    47811.10    9999 .00   9999 .00   9999 .00    9999 .00    9.4  .00       1
0    47817.40   12.69 .00  12.61 .00  12.83 .00   12.21 .00    9999 .00       1
0    47824.36   12.73 .00  12.71 .00  12.84 .00    9999 .00    9999 .00       1
0    47838.30   12.84 .00  12.85 .00  13.04 .00    9999 .00    9999 .00       1
0    47844.00   12.91 .00  12.96 .00  13.00 .00    9999 .00   10.1  .00       1
0    47852.36   12.93 .00  12.93 .00  12.99 .00   12.10 .00    9999 .00       1
0    47866.32   13.01 .00  13.06 .00  13.09 .00    9999 .00    9999 .00       1
0    47873.36   13.06 .00  13.11 .00  13.14 .00   12.48 .00    9999 .00       1
0    47893.33   13.07 .00  13.09 .00  13.15 .00   12.53 .00    9999 .00       1
0    47900.43   13.14 .00  13.22 .00  13.09 .00   12.39 .00    9999 .00       1
0    47907.47   13.17 .00  13.19 .00  13.19 .00   13.17 .00    9999 .00       1
0    47922.30   13.20 .00  13.23 .00   9999 .00    9999 .00    9999 .00       1
0    47934.45   13.31 .00  13.27 .00  13.25 .00    9999 .00    9999 .00       1
0    47950.31   13.36 .00  13.34 .00  13.30 .00   12.35 .00    9999 .00       1
0    47963.36   13.39 .00  13.40 .00  13.37 .00    9999 .00    9999 .00       1
0    47970.32   13.41 .00  13.35 .00  13.34 .00    9999 .00    9999 .00       1
0    47978.29   13.38 .00  13.53 .00  13.53 .00    9999 .00    9999 .00       1
0    48026.25   13.49 .00  13.49 .00  13.47 .00    9999 .00    9999 .00       1
0    48041.24   13.54 .00  13.62 .00  13.51 .00    9999 .00    9999 .00       1
0    48048.30   13.57 .00  13.71 .00  13.58 .00    9999 .00    9999 .00       1
0    48053.26   13.60 .00  13.70 .00  13.61 .00    9999 .00    9999 .00       1
0    48104.60   13.86 .00  13.81 .00  13.68 .00    9999 .00    9999 .00       1
0    48107.61   13.77 .00  13.74 .00  13.87 .00    9999 .00    9999 .00       1
0    48108.60   13.74 .00  13.80 .00  13.66 .00    9999 .00    9999 .00       1
0    48109.60   13.70 .00  13.77 .00  13.69 .00    9999 .00    9999 .00       1
0    48110.60   13.71 .00  13.83 .00  13.72 .00    9999 .00    9999 .00       1
0    48196.52   13.79 .00  13.77 .00  13.66 .00    9999 .00    9999 .00       1
0    48197.49   13.86 .00  13.83 .00  13.64 .00    9999 .00    9999 .00       1
#_____________________________________________________                     
# See the references on the Atlas                                          
#                                                                          
#  2446849.62 is JD date from 1st neutrino discovery                       
#                                                                          
#                                                                                                  
