 1991T  Iapec
 NGC4527  ABg= 0.02 .00  ABi= 0.55 .00 mu= 30.74 .00  (xx) xxx
_________________________________________________________________________________
UBVRI  JD_MAX   48375.0 .0    48375.32 .0   48377.8 .0  48377  .0   48376  .0
	m_max   9999  .00    11.66  .00     11.51  .00  11.46   .00   11.67  .00     
  Date       JD       U           B           V           R           I        Source  note
 xxxxxxx  48355.    9999  .0   30.0   .0   30.0   .0   30.0   .0    9999  .0  111           # hard limit
 xxxx  48550.    9999  .00  16.44  .0   16.30  .0   16.52  .00   9999  .0     111    # hard limit
#
 16/04/91 48362.85 12.26  .02  12.98  .02  12.84  .02  12.67  .02  12.87  .02   1 Cutispoto
 17/04/91 48363.80 12.04  .02  12.80  .02  12.74  .02   9999  .00   9999  .00   1 Ortolani
 17/04/91 48363.65  9999  .00  12.73  .01  12.61  .01   9999  .00   9999  .00   1 ESO2.2
 18/04/91 48364.64  9999  .00  12.46  .01  12.34  .01  12.32  .01   9999  .00   1 ESO2.2
 20/04/91 48366.67  9999  .00  12.06  .01  12.00  .01  11.97  .01   9999  .00   1 ESO3.6
 21/04/91 48367.65  9999  .00   9999  .00  11.89  .01   9999  .00   9999  .00   1 ESO3.6
# 22/04/91 48368.70  9999  .00  11.78  .01  11.80  .01  11.70  .01   9999  .00   1 ESO3.6
 20/05/91 48396.56  9999  .00  13.39  .01  12.32  .01  12.32  .01   9999  .00   1 ESO3.6
 20/05/91 48396.56  9999  .00  13.48  .01  12.29  .01   9999  .00   9999  .00   1 ESO3.6
 20/05/91 48396.56  9999  .00   9999  .00  12.45  .01   9999  .00   9999  .00   1 ESO3.6
 20/06/91 48427.67  9999  .00  14.77  .01  13.60  .01  13.51  .01   9999  .00   1 ESO3.6
 20/06/91 48427.67  9999  .00   9999  .00  13.66  .01  13.45  .01   9999  .00   1 ESO3.6
 20/06/91 48427.67  9999  .00   9999  .00  13.59  .01   9999  .00   9999  .00   1 ESO3.6
 01/08/91 48469.51  9999  .00  15.42  .02   9999  .00  14.78  .02   9999  .00   1 ESO2.2
 12/08/91 48480.49  9999  .00   9999  .00  15.29  .02   9999  .00   9999  .00   1 ESO2.2
 02/12/91 48593.46  9999  .00  16.98  .06  17.01  .05  17.62  .06   9999  .00    0 As182
 02/12/91 48593.46  9999  .00  16.95  .06  17.01  .05  17.59  .06   9999  .00    0 As182
 03/12/91 48594.46  9999  .00  17.06  .06  17.10  .06  17.65  .06   9999  .00    0 As182
 12/12/91 48603.46  9999  .00  17.04  .06  17.07  .06  17.68  .06   9999  .00    0 As182
 01/02/92 48653.90  9999  .00  17.66  .05  17.95  .05  18.54  .05   9999  .00    1 ESO2.2
 05/02/92 48657.82  9999  .00  17.74  .04  17.96  .03  18.56  .04   9999  .00    1 ESO3.6
 05/02/92 48657.60  9999  .00   9999  .00  17.88  .07   9999  .00   9999  .00    0 As182
 06/02/92 48658.66  9999  .00  17.75  .04  17.94  .08  18.52  .06   9999  .00    0 As182
 29/02/92 48681.78  9999  .00  18.02  .06  18.34  .05  18.97  .05   9999  .00    1 ESO2.2
 04/03/92 48686.46  9999  .00  18.25  .10  18.27  .06  19.00  .08   9999  .00    0 As182
 06/03/92 48688.46  9999  .00  18.25  .10  18.35  .06  19.05  .08   9999  .00    0 As182
 11/03/92 48692.67  9999  .00  18.42  .07  18.42  .07  19.07  .06   9999  .00   1 NTT
 04/05/92 48746.69  9999  .00  18.99  .05  19.12  .05  19.58  .05  19.00  .08   1 ESO3.6
 26/07/92 48829.67  9999  .00  19.97  .10  20.27  .05  20.57  .05   9999  .00   1 ESO2.2
 23/12/92 48979.67  9999  .00  21.04  .10  20.95  .08   9999  .00   9999  .00   1 ESO3.6
 22/01/93 49010.67  9999  .00  21.02  .10  21.00  .08  21.28  .09   9999  .00   1 ESO3.6
 17/02/93 49035.67  9999  .00  9999   .00  20.97  .09  21.25  .07   9999  .00   1 NTT
 27/02/93 49045.79  9999  .00  21.08  .10  20.99  .09   9999  .00   9999  .00   1 ESO 2.2
 28/02/93 49046.79  9999  .00  21.21  .00  21.02  .00  21.36  .00   9999  .00   1 ESO 2.2
 15/03/93 49061.67  9999  .00  21.03  .10  21.08  .07  21.17  .07   9999  .00   1 eso3.6
 26/04/93 49103.60  9999  .00  21.06  .10  9999   .00  21.22  .07   9999  .00   1 ESO 3.6 
 27/04/93 49104.60  9999  .00  21.06  .10  21.21  .08   9999  .00   9999  .00   1 ESO 3.6
 17/03/94 49428.78  9999  .00  21.43  .11  21.45  .10   9999  .00   9999  .00   1 NTT
 10/05/94 49482.62  9999  .00  21.13  .11   9999  .00   9999  .00   9999  .00   1 ESO3.6
 15/05/94 49487.65  9999  .00  21.30  .11   9999  .00   9999  .00   9999  .00   1 ESO2.2
 17/03/96 50159.77  99999 .00  21.49  .12  21.48  .10   9999  .00   9999  .00   1 ESO3.6
    0    48356.40  9999  .00   9999  .00  15.00  .00   9999  .00   9999  .00   -4 limit IAUC vis
    0    48364.46 11.80  .00  12.51  .00  12.40  .00   9999  .00   9999  .00    4 IAUC5246
    0    48368.02 11.14  .00  11.94  .00  11.84  .00  11.76  .00   9999  .00    4 IAUC5246
    0    48375.01 11.01  .00  11.66  .00  11.52  .00  11.41  .00   9999  .00    4 IAUC5253
    0    48376.97 11.21  .00  11.75  .00  11.49  .00  11.36  .00  11.69  .00    4 IAUC5256
#    0    48367.77 11.09  .00  11.75  .00  11.69  .00   9999  .00   9999  .00    4 IAUC5270
#    0    48367.77 11.09  .00  11.76  .00  11.70  .00   9999  .00   9999  .00    4 IAUC5270
    0    48382.77 11.78  .00  11.98  .00  11.61  .00   9999  .00   9999  .00    4 IAUC5273
    0    48439.83  9999  .00  14.91  .00  14.03  .00   9999  .00   9999  .00    4 IAUC5309
    0    48440.87  9999  .00  14.92  .00  14.00  .00   9999  .00   9999  .00    4 IAUC5309
    0    48363.77  9999  .00  12.712 .016 12.618 .016 12.526 .015  9999  .00    2 xx
    0    48364.76  9999  .00  12.449 .016 12.362 .016 12.299 .015  9999  .00    2 xx
    0    48365.66 11.610 .026 12.362 .016 12.256 .016 12.134 .015 12.215 .017   2 xx
    0    48365.65  9999  .00   9999  .00   9999  .00  12.159 .015  9999  .00    2 xx
    0    48366.67  9999  .00  12.152 .016 12.061 .016 11.971 .015  9999  .00    2 xx
    0    48372.70  9999  .00  11.748 .016  9999  .00  11.533 .015 11.693 .017   2 xx
#    0    48374.64 11.282 .026 11.719 .016 11.573 .016 11.511 .015 11.690 .017   2 xx
#    0    48374.64 11.304 .026 11.707 .016 11.560 .016 11.519 .015 11.694 .017   2 xx
    0    48375.65 11.370 .026 11.715 .016 11.568 .016 11.529 .015 11.689 .017   2 xx
    0    48375.65 11.270 .026 11.720 .016 11.537 .016 11.509 .015 11.676 .017   2 xx
    0    48376.69 11.279 .026 11.696 .016 11.542 .016 11.474 .015  9999  .00    2 xx
    0    48376.69 11.233 .026 11.741 .016 11.527 .016 11.475 .015  9999  .00    2 xx
    0    48376.69  9999  .00   9999  .00   9999  .00   9999  .00  11.690 .017   2 xx
    0    48377.62 11.329 .026 11.694 .016 11.511 .016 11.435 .015 11.664 .017   2 xx
    0    48377.62  9999  .00  11.711 .016 11.482 .016 11.435 .015 11.665 .017   2 xx
    0    48380.70  9999  .00  11.832 .016 11.525 .016 11.466 .015 11.788 .017   2 xx
    0    48380.69  9999  .00   9999  .026 11.529 .016 11.479 .015 11.805 .018   2 xx
    0    48381.60  9999  .00  11.836 .016 11.535 .016 11.518 .015 11.847 .017   2 xx
    0    48381.60  9999  .00  11.857 .016 9999   .00  11.501 .015 11.846 .017   2 xx
    0    48382.67  9999  .00  11.912 .016 11.577 .016 11.565 .015 11.915 .017   2 xx
    0    48382.68  9999  .00  11.919 .016 11.575 .016 11.552 .015 11.917 .017   2 xx
    0    48383.58 11.652 .026 11.959 .016 11.605 .016 11.589 .015 11.966 .017   2 xx
    0    48383.58  9999  .00  11.971 .016 11.583 .016 11.585 .015 11.967 .017   2 xx
    0    48385.63  9999  .00  12.137 .016 11.643 .016 11.730 .015 12.051 .017   2 xx
    0    48385.62  9999  .00   9999  .00   9999  .00  11.729 .015 12.049 .017   2 xx
    0    48386.55  9999  .00  12.248 .016 11.764 .016 11.811 .015 12.087 .017   2 xx
    0    48386.55  9999   .00 12.208 .016  9999  .00   9999  .00   9999  .00    2 xx
    0    48388.57 12.381 .026 12.408 .016 11.873 .016 11.917 .015  9999  .00    2 xx
    0    48390.50 12.750 .026 12.603 .016 11.974 .016 11.982 .015 12.076 .017   2 xx
    0    48390.50 12.778 .026 12.600 .016 11.971 .016 11.976 .015 12.062 .017   2 xx
    0    48393.62 13.222 .026 12.965 .016 12.150 .016 12.029 .015 12.022 .017   2 xx
    0    48395.55  9999  .00  13.131 .016 12.223 .016  9999  .00   9999  .00    2 xx
    0    48395.56  9999  .00  13.149 .016 12.247 .016  9999  .00   9999  .00    2 xx
    0    48405.59  9999  .00  14.071 .016 12.731 .016 12.378 .015 12.098 .017   2 xx
    0    48405.59  9999  .00  14.071 .017 12.735 .016 12.379 .015 12.111 .017   2 xx
    0    48414.62 14.610 .026 14.302 .016 13.123 .016 12.820 .015 12.421 .017   2 xx
    0    48414.62  9999  .00  14.307 .016  9999  .00   9999  .00   9999  .00    2 xx
    0    48420.47 14.862 .026 14.556 .016 13.423 .016 13.102 .015 12.819 .017   2 xx
    0    48431.49 15.032 .030 14.770 .017 13.744 .016 13.527 .015 13.386 .017   2 xx
    0    48431.49 15.070 .030 14.746 .017 13.754 .016  9999  .00   9999  .00    2 xx
    0    48438.50  9999  .00  14.863 .016 13.936 .016  9999  .00  13.712 .017   2 xx
    0    48439.47  9999  .00  14.931 .016 13.986 .016 13.830 .015 13.738 .017   2 xx
    0    48439.47  9999  .00  14.919 .016 14.018 .016 13.824 .015 13.749 .017   2 xx
    0    48440.46  9999  .00  14.897 .016 14.059 .016 13.859 .001 13.821 .017   2 xx
    0    48440.46  9999  .00  14.917 .016 14.058 .016 13.872 .015 13.790 .017   2 xx
    0    48442.48 15.265 .026 14.888 .016 14.045 .016 13.888 .015 13.778 .017   2 xx
    0    48445.46  9999  .00   9999  .00  14.139 .016  9999  .00   9999  .00    2 xx
    0    48445.47  9999  .00  14.934 .017 14.143 .016  9999  .00   9999  .00    2 xx
    0    48459.49  9999  .00  15.115 .016 14.476 .016 14.407 .015 14.538 .017   2 xx
  0    48628.83  9999  .00  17.496 .019 17.484 .018  9999  .00  17.939 .040   2 xx
    0    48629.83  9999  .00  17.513 .018 17.475 .018  9999  .00  17.951 .046   2 xx
    0    48677.78  9999  .00   9999  .00  18.116 .022  9999  .00  18.367 .045   2 xx
    0    48687.85  9999  .00   9999  .00  18.343 .017 19.086 .022 18.489 .026   2 xx
    0    48691.78  9999  .00  18.445 .018 18.357 .019 19.080 .025 18.489 .031   2 xx
    0    48720.77  9999  .00  18.834 .023 18.765 .022  9999  .00  18.952 .034   2 xx
    0    48731.63  9999  .00  18.916 .078 18.947 .047  9999  .00   9999  .00    2 xx
    0    48731.62  9999  .00   9999  .00  19.010 .052  9999  .00   9999  .00    2 xx
    0    48776.53 20.346 .250 19.654 .078 19.662 .057 20.271 .102 19.374 .119   2 xx
    0    48776.54  9999  .00  19.773 .097 19.684 .063 20.162 .097 19.359 .113   2 xx
 07/12/96 50424.50  9999  .00  9999   .00  21.9   .00  9999   .00  9999   .00    3 Sparks et al. 1999 
 22/12/96 50439.50 21.16  .00  9999   .00  9999   .00  9999   .00  9999   .00    3 Sparks et al. 1999 
 28/12/97 50810.50 21.28  .00  9999   .00  9999   .00  9999   .00  9999   .00    3 Sparks et al. 1999 
 22/05/98 50955.50 21.46  .00  9999   .00  9999   .00  9999   .00  9999   .00    3 Sparks et al. 1999 
 07/12/91 48597.8   9999  .00  17.20  .03   17.13 .03   17.65 .05   17.34 .08    5 xx
 08/03/92 48688.8   9999  .00  9999   .00   18.35 .03   19.05 .05   18.43 .05    5 xx
 30/04/92 48742.8   9999  .00  19.00  .03   19.05 .03   19.64 .08   18.81 .09    5 xx
 03/06/92 48776.8   9999  .00  19.43  .03   19.49 .03   20.03 .08   19.08 .12    5 xx
 26/01/92 49013.8   9999  .00  21.01  .05   21.01 .06   21.41 .18   9999  .00    5 xx
 26/01/92 49013.8   9999  .00   9999  .00   9999  .00   9999  .00   21.1  .00   -5 xx
 21/03/93 49067.9   9999  .00  21.20  .08  9999   .00  9999   .00  9999   .00    5 xx
 25/05/93 49132.8   9999  .00  21.28  .07  9999   .00  9999   .00  9999   .00    5 xx
 10/12/93 49332.0   9999  .00  21.30  .15   21.43 .15  9999   .00  9999   .00    5 xx
_________________________________________________________________________________
JHK     JD_max  48375.9  2.0    48375.0  2.0    48375.9  2.0
       m_max    11.79   0.0     11.59   0.0     11.51   0.0
  Date          JD              J               H                   K           S       Inst
 1991/Apr17	48364.46	11.73  0.0	11.16 0.0	10.93 0.0	1	krisiunas
 1991/May4	48380.75	12.45  0.09	12.44 0.10	12.28 0.10	2	krisiunas
 1991/May5	48381.80	12.58  0.10	12.29 0.10	12.19 0.10	2	krisiunas
 1991/Jun22	48429.86	14.97  0.30	13.72 0.14	13.71 0.25	2	krisiunas
#_____________________________________________________
# 1 - Cappellaro et al. (1997)  A&A 328, 203  
# 1,0 - altavilla et al 2004                                                 
# 2 - Lira et al. (1998) AJ 115, 234
# 3 - Sparks et al. (1999) ApJ 523, 585
# 4 - variuos IAUC
# 5 - Schmidt et al. 1994ApJ...434L..19S
# Galactic Extinction (Schlegel et al.):   A_B = 0.095
# revised EC 24/06/03 
