1998bw	        BLIc                                            
 ESO184-G82     ABg= 0.25 .00 ABi= 0.00 .00  mu= 32.76 0.1 jd_expl= 50929.4 (H=72)
___________________________________________________________________________________________________
UBVRI      JD_max    50943.27  .1  50943.82 .05 50945.57  .05   50947.11 .05  50947.2  .05
            m_max     14.11  .00   14.35    .05  13.82   .03   13.73   .04    13.80  .04                   
 Date	      JD         U            B		   V	         R             I           S  Inst         ph(GRB)
xxxxxxxxx   50929.     9999    0    30.       0  30.      0.05  30.    0.05   9999     0   111 
xxxxxxxxx   51124.     9999    0    999.       0  999.      0.05  17.85    0.05   9999     0   111 
#
26April1998 50930.13   9999    0    9999      0  15.92   0.05  15.76  0.05   9999     0    1  MSO 50inch    0.72
26April1998 50930.15   9999    0    9999      0   9999      0  15.79  0.02   9999     0    1  MSO 30inch	   0.84
26April1998 50930.30   9999    0    9999      0  15.97   0.05  15.76  0.05   9999     0    1  MSO 50inch	   0.90
27April1998 50930.2    9999    0   16.01   0.04   9999      0  15.96   0.1   9999     0    1  SSO 40inch	   1.89
28April1998 50931.91   9999    0    9999      0   9999      0  15.71  0.03   9999     0    0  ESO NTT	           2.51
28April1998 50932.18   9999    0    9999      0  15.59   0.05  15.61  0.05   9999     0    1  MSO 50inch	   2.78
28April1998 50932.21   9999    0    9999      0   9999      0  15.61  0.07   9999     0    1  MSO 30inch	   2.81
 1May1998   50934.82   9999    0    9999      0   9999      0  14.86  0.06   9999     0    0  ESO NTT	           5.42
 3May1998   50936.83   9999    0   14.83   0.03  14.39   0.02  14.43  0.02   9999     0    0  ESO Danish	   7.43
 4May1998   50937.90  14.54 0.04    14.6   0.05  14.23   0.02  14.24  0.03  14.23  0.02    0  ESO NTT	           8.50
 6May1998   50939.82  14.24 0.26   14.48   0.03  14.03   0.02  14.04  0.02  14.05  0.02    0  ESO Dutch	  10.42
 6May1998   50940.27   9999    0    14.5   0.04  14.04   0.02     14  0.02  14.02  0.03    1  SSO 40inch	  10.87
 8May1998   50941.8   14.17 0.04   14.38   0.02  13.91   0.02  13.92  0.02  13.94  0.02    0  ESO Danish	  12.42
 8May1998   50942.26   9999    0    14.4   0.05  13.93   0.03  13.87  0.03  13.89  0.04    1  SSO 40inch	  12.86
 9May1998   50942.80  14.16 0.02   14.35   0.02  13.88   0.02  13.88  0.03  13.89  0.02    0  ESO Danish	  13.42
 9May1998   50943.28   9999    0   14.38   0.08   13.9   0.02  13.84  0.02  13.84  0.02    1  SSO 40inch	  13.88
11May1998   50944.75  14.12  0.1   14.34   0.03  13.81   0.05  13.81  0.05  13.82  0.02    0  ESO Danish	  15.35
13May1998   50946.89   9999    0    9999      0  13.79   0.11  13.75  0.04   9999     0    0  ESO Danish	  17.49
14May1998   50947.89   9999    0    9999      0  13.85   0.02   9999     0   9999     0    0  ESO Danish	  18.49
15May1998   50948.89  14.49 0.06   14.54   0.03  13.89   0.03  13.79  0.02  13.81  0.04    0  ESO Danish	  19.49
16May1998   50949.87   9999    0    9999      0  13.92   0.02   9999     0   9999     0    0  ESO Danish	  20.47
17May1998   50950.71   9999    0   14.66   0.09  13.97   0.03  13.83  0.09   9999     0    0  ESO Dutch	  21.31
17May1998   50950.88  14.72 0.04   14.69   0.07  13.99   0.03  13.83  0.04  13.84  0.03    0  ESO Dutch	  21.48
18May1998   50951.84  14.82 0.06   14.79   0.05  14.04   0.03  13.85  0.03  13.87  0.02    0  ESO Dutch	  22.44
19May1998   50952.8   14.99 0.09   14.93   0.04   14.1   0.02  13.89  0.04   13.9  0.02    0  ESO Dutch	  23.40
20May1998   50953.73  15.11 0.04   15.01   0.03  14.14   0.03  13.92  0.03  13.91  0.02    0  ESO Dutch	  24.33
20May1998   50954.09   9999    0    9999      0  14.14   0.03  13.96  0.03  13.88  0.03    1  MSO 30inch	  24.69
21May1998   50954.84   9999    0    9999      0  14.22   0.03  13.97  0.03   9999     0    0  ESO Danish	  25.44
21May1998   50954.87  15.34 0.09   15.14   0.05  14.24   0.02  13.93  0.11  13.96  0.07    0  ESO Dutch	  25.47
21May1998   50955.19   15.3 0.26   15.07   0.19  14.17   0.08  13.96  0.06  13.94  0.04    1  MSO 30inch	  25.79
22May1998   50955.85   9999    0    9999      0   9999      0  14.02  0.04   9999     0    0  ESO Danish	  26.45
22May1998   50955.87  15.41 0.02   15.25   0.06   14.3   0.03  14.01  0.03     14  0.02    0  ESO Dutch	  26.47
23May1998   50956.79  15.48 0.05   15.29   0.04  14.34   0.02  14.06  0.05     14  0.04    0  ESO Dutch	  27.39
25May1998   50959.16  15.83 0.02    15.5   0.02  14.48   0.02  14.18  0.02  14.05  0.04    1  MSO 30inch	  29.76
26May1998   50960.12  16.03 0.04   15.57   0.02  14.56   0.04  14.23  0.02  14.09  0.03    1  MSO 30inch	  30.72
28May1998   50961.65  15.99 0.02   15.68   0.02  14.65   0.03  14.39  0.06  14.17  0.07    0  ESO Dutch	  32.25
28May1998   50962.07  16.23 0.03   15.78   0.12   9999      0  14.32  0.02   9999     0    1  MSO 30inch	  32.67
30May1998   50964.11   9999    0   15.89   0.02  14.82   0.02  14.41  0.02  14.32  0.02    1  AAO AAT	          34.71
 1June1998  50965.79  16.29 0.04   15.96   0.02  14.91   0.02  14.53  0.02  14.45  0.03    0  ESO Dutch	  36.39
 2June1998  50966.86  16.37 0.03   16.03   0.02  14.98   0.02  14.59  0.02  14.51  0.02    0  ESO Dutch	  37.46
 3June1998  50967.81  16.45 0.02   16.07   0.02  15.03   0.02  14.62  0.02  14.58  0.02    0  ESO Dutch	  38.41
 4June1998  50968.80  16.47 0.04   16.09   0.02  15.08   0.02  14.69  0.02  14.59  0.02    0  ESO Dutch	  39.40
 4June1998  50969.05   9999    0    9999      0  15.03   0.03  14.71  0.02   14.5  0.02    1  MSO 30inch	  39.65
 5June1998  50970.21   9999    0   16.17   0.06  15.13   0.02  14.76  0.02  14.57  0.02    1  SSO 40inch	  40.81
 6June1998  50970.86  16.52 0.02   16.18   0.02  15.18   0.02  14.79  0.02  14.69  0.03    0  ESO Dutch	  41.46
 7June1998  50971.88  16.59 0.03   16.24   0.02  15.22   0.02  14.83  0.02  14.74  0.03    0  ESO Dutch	  42.48
10June1998  50975.05   9999    0    16.2   0.09   9999      0  14.94  0.02   9999     0    1  MSO 30inch	  45.65
16June1998  50981.03   9999    0   16.39   0.03   9999      0  15.13  0.02   9999     0    1  MSO 30inch	  51.63
19June1998  50983.57  16.85  0.1   16.48   0.04   15.6   0.02  15.22  0.02  15.04  0.03    0  ESO Dutch	  54.17
20June1998  50984.62   16.9 0.06   16.54   0.05  15.63   0.02  15.27  0.03  15.09  0.07    0  ESO Dutch	  55.22
21June1998  50985.68  16.93 0.02   16.56   0.02  15.65   0.02  15.28  0.02  15.12  0.02    0  ESO Dutch	  56.28
21June1998  50986.03   9999    0    9999      0   9999      0  15.21  0.04   9999     0    1  MSO 30inch	  56.63
    ?       50992.9    9999    0   16.68   0.03  15.79    0.02 9999   0     15.16  0.03    1  GNC286 Shaefer  63.5 
    ?       51115.6    9999    0   18.35   0.06  18.09    0.05 9999   0     17.33  0.06    1  GNC286 Shaefer 186.2 
16Mar1999   51254.4    9999    0   20.693  0.07  20.521   0.07 9999   0      9999     0    0  ESO DUTCH (EC)  325.
17Mar1999   51255.4    9999    0   20.714  0.07  20.504   0.07 19.742 0.05   9999     0    0  ESO DUTCH (EC)  326.
 8Apr1999   51274.4    9999    0   21.101  0.15  20.690   0.15 20.090  0.15  9999     0    0  ESO 3.6 (MT)    345 
12Apr1999   51278.4   21.133  .20   9999   0      9999    0     9999   0    20.029  .15    0  ESO 3.6 (MT)    349 
21May1999   51319.4    9999    0   21.590  0.20  21.427   0.20 20.830  0.20 20.611  .20    0  ESO 3.6 (LR)    390 
16June99    51346.4   21.69   .2   21.91   0.2   21.70    0.2  20.87   0.2  20.760  .20    0  ESO 3.6 (LR)    417 
20Sep99     51438.4    9999 0      22.52   0.3   22.01    0.3  21.94   0.3  21.31   .30    0  ESO 3.6 (LR)    509 
   0        50995.88   9999    0   16.74  0.03  15.85 0.02    9999     0    15.22   0.02   2   McKenzie    66.5 
   0        50996.88   9999    0   16.75  0.03  15.86 0.02    9999     0    15.22   0.02   2   McKenzie    67.5 
   0        51002.92   9999    0   16.86  0.03  16.00 0.03    9999     0    9999      0    2   McKenzie    73.5 
   0        51004.88   9999    0   16.87  0.03  16.04 0.03    9999     0    9999      0    2   McKenzie    75.5 
   0        51007.93   9999    0   9999    0    16.09 0.03    9999     0    15.45     0    2   McKenzie    78.5 
   0        51007.94   9999    0   9999    0    16.11 0.03    9999     0    9999      0    2   McKenzie    78.5 
   0        51008.87   9999    0   16.90   0.04 16.11 0.03    9999     0    15.42   0.04   2   McKenzie    89.5 
   0        51010.90   9999    0   16.95   0.03 16.14 0.03    9999     0    15.47   0.03   2   McKenzie    81.5 
   0        51011.88   9999    0   16.98   0.04 16.17 0.02    9999     0    15.51   0.03   2   McKenzie    82.5 
   0        51012.92   9999    0   16.92   0.03 16.18 0.03    9999     0    15.53   0.03   2   McKenzie    83.5 
   0        51013.90   9999    0   16.93   0.03 16.19 0.03    9999     0    15.53   0.03   2   McKenzie    84.5 
   0        51014.90   9999    0   17.02   0.03 16.22 0.02    9999     0    15.59   0.03   2   Mckenzie    85.5 
   0        51019.87   9999    0   17.07   0.03 16.31 0.02    9999     0    15.66   0.03   2   McKenzie    90.5 
   0        51020.86   9999    0   17.03   0.03 16.31 0.03    9999     0    15.66   0.03   2   McKenzie    91.5 
   0        51021.86   9999    0   17.12   0.03 16.36 0.02    9999     0    15.73   0.03   2   McKenzie    92.5 
   0        51022.86   9999    0   17.07   0.03 16.41 0.03    9999     0    15.75   0.03   2   McKenzie    93.5 
   0        51032.84   9999    0   17.30   0.05 16.56 0.03    9999     0    15.96   0.03   2   McKenzie    103.5 
   0        51033.84   9999    0   17.24   0.07 16.52 0.04    9999     0    15.93   0.03   2   McKenzie    104.5
   0        51035.84   9999    0   17.27   0.04 16.61 0.03    9999     0    15.97   0.03   2   McKenzie    106.5
   0        51036.84   9999    0   17.34   0.03 16.62 0.03    9999     0    16.02   0.03   2   McKenzie    107.5
   0        51037.83   9999    0   17.35   0.03 16.67 0.02    9999     0    16.04   0.03   2   McKenzie    108.5
   0        51039.82   9999    0   17.32   0.03 16.68 0.02    9999     0    16.07   0.03   2   Mckenzie    110.5
   0        51040.77   9999    0   17.36   0.03 16.74 0.02    9999     0    16.09   0.03   2   McKenzie    111.5
   0        51041.80   9999    0   9999    0    16.75 0.02    9999     0    9999    0      2   McKenzie    112.5 
   0        51041.84   9999    0   17.39   0.03 16.84 0.04    9999     0    9999    0      2   McKenzie    112.5
   0        51042.82   9999    0   17.41   0.03 16.76 0.02    9999     0    16.12   0.03   2   McKenzie    113.4
   0        51043.81   9999    0   17.42   0.03 16.76 0.02    9999     0    16.17   0.03   2   McKenzie    114.4
   0        51045.80   9999    0   17.44   0.03 16.82 0.02    9999     0    16.18   0.03   2   McKenzie    116.4
   0        51046.79   9999    0   17.43   0.03 9999  0       9999     0    9999    0      2   Mckenzie    117.4
   0        51046.80   9999    0   17.44   0.03 16.84 0.02    9999     0    16.20   0.03   2   McKenzie    117.4
   0        51047.81   9999    0   17.45   0.03 16.83 0.02    9999     0    16.21   0.03   2   McKenzie    118.4
   0        51051.79   9999    0   17.46   0.03 16.92 0.03    9999     0    9999    0      2   McKenzie    122.4
   0        51051.80   9999    0   17.48   0.03 9999  0       9999     0    9999    0      2   McKenzie    122.4
   0        51051.80   9999    0   17.56   0.03 9999  0       9999     0    16.30   0.03   2   McKenzie    122.4
   0        51061.70   9999    0   17.57   0.06 17.08 0.04    9999     0    16.47   0.03   2   McKenzie    132.4
#   0        51062.76   9999    0   17.57   0.15 16.85 0.15    9999     0    9999    0      2   McKenzie    133.4
#   0        51062.76   9999    0   9999    0    16.92 0.15    9999     0    9999    0      2   McKenzie    133.4
   0        51063.75   9999    0   17.73   0.04 17.13 0.03    9999     0    16.50   0.03   2   McKenzie    134.4
   0        51064.76   9999    0   17.61   0.13 17.28 0.18    9999     0    16.75   0.27   2   McKenzie    135.4
   0        51069.73   9999    0   17.82   0.03 17.27 0.02    9999     0    16.61   0.03   2   McKenzie    140.3
   0        51070.73   9999    0   17.80   0.03 17.27 0.02    9999     0    16.63   0.03   2   McKenzie    141.3
   0        51071.76   9999    0   17.82   0.04 17.27 0.03    9999     0    16.63   0.03   2   McKenzie    142.3
   0        51073.72   9999    0   9999    0    17.25   0.03  9999     0    9999    0      2   McKenzie    144.3
   0        51073.73   9999    0   9999    0    17.33   0.03  9999     0    16.64   0.03   2   McKenzie    144.3
   0        51076.70   9999    0   9999    0    17.38   0.03  9999     0    9999    0      2   McKenzie    147.3
   0        51076.71   9999    0   9999    0    17.38   0.03  9999     0    16.73   0.03   2   McKenzie    147.3
   0        51079.73   9999    0   17.88   0.03 17.44   0.03  9999     0    16.70   0.03   2   McKenzie    150.3
   0        51093.62   9999    0   18.17   0.04 17.68   0.03  9999     0    17.01   0.03   2   McKenzie    164.2
   0        51094.63   9999    0   18.19   0.04 17.70   0.03  9999     0    17.03   0.03   2   McKenzie    165.2
   0        51096.63   9999    0   18.13   0.05 17.61   0.04  9999     0    16.93   0.03   2   McKenzie    167.2
   0        51097.63   9999    0   18.19   0.03 17.74   0.03  9999     0    17.05   0.03   2   McKenzie    168.2
   0        51098.62   9999    0   18.21   0.03 17.79   0.03  9999     0    17.06   0.03   2   McKenzie    169.2
   0        51115.55   9999    0   18.35   0.06 18.09   0.05  9999     0    17.33   0.06   2   McKenzie    186.1
   0        50962.     9999    0    9999   0    14.69   0.05  14.31  .05    14.26   0.05   3   Sollerman et al. 
   0        51070.     9999    0    9999   0    17.34   0.05  17.06  .05    16.78   0.05   3   Sollerman et al. 
   0        51144.     9999    0    9999   0    18.63   0.05  18.10  .05    17.92   0.05   3   Sollerman et al. 
   0        51269.     9999    0    9999   0    20.7    0.25  19.9   .15    19.65   0.2    3   Sollerman et al. 
   0        51286.     9999    0    9999   0    21.0    0.18  20.2   .13    20.0    0.15   3   Sollerman et al. 
   0        51343.     9999    0    9999   0    21.7    0.3   21.0   .2     20.9    0.25   3   Sollerman et al. 
   0        51400.     9999    0    9999   0    21.9    0.35  21.6   .3     21.5    0.25   3   Sollerman et al. 
   0        51433.     9999    0    9999   0    22.3    0.3   22.1   .3     21.8    0.35   3   Sollerman et al. 
_____________________________________________________________________________________________________________________
JHK         JD_max     50947.2     0    50947.2 00     50947.2 00                        
            m_max      13.39     0    999 0       15.8  0                         
 Date	      JD        J           H          K        S  Inst         ph(GR
#  per_bol   50930     16    .00  15.9  .00  15.8    .00      4  inventato
18May1998   50951.8   13.40 .02  13.43 .02  13.15 .02   0  NTT+SOFI     22.44
12June1998  50976.8   14.42 .03  14.26  .03 14.25 .03   1  NTT+SOFI     45.65
30June1998  50994.8   15.08 .05  14.98 .05  14.89 .05   0  NTT+SOFI        65
#  per_bol   51050     16    .00  15.9  .00  15.8    .00      4  inventato
#_____________________________________________________________________________________________________________________
#  Galama et al. Nature 1998;  public data from WEB
# !!!!!!!  JD(phase=0)= 50929.400 = 25.9 UT Apr. 1998 = = GRB980425  !!!!!!!!
#
# For BOLO l.c. used AB=0.07 NED; AV=0.20 Galama Nat.98
#
# McKenzie and Schaefer, astro-ph/9904397
