1999gi         II
 NGC3184       ABg= 0.072 .00 ABi= 0.00 .00  mu= 29.797 0.0 (con V_he=592+-1, H=65; fonte NED)
_____________________________________________________________________________________
UBVRI    JD_max     51518.22 .000    51518.22 .000 51518.22 .000 51518.22 .000 51518.22 .000  
          m_max     9999  .00  9999  .00   9999  .00  9999 .00    9999   .000                   
 Date           JD         U           B           V            R           I            S  Inst  
 xxxxxxx       51513.    9999 .000  30.    .0    30.    .0    30.    .000  9999  .0    111            
 xxxxxxx       51818.    9999 .000  20.9  .0    19.0   .0    17.7   .000  9999  .0    111            
#
06/05/99       51304.5   9999 .000    9999 .000    9999 .000  18.0   .000   9999 .000   -1  IAUC7329,u
2.5/12/99      51515.0   9999 .000    9999 .000    9999 .000  19.0   .000   9999 .000   -1  IAUC7329,u
3.179/12/99    51515.68  9999 .000    9999 .000    9999 .000  18.5   .000   9999 .000   -1  IAUC7334,u
9.82/12/99     51522.32  9999 .000    9999 .000    9999 .000  14.5   .000   9999 .000    1  IAUC7329,u
10/12/99       51522.94  9999 .000  14.950 .019  14.986 .015  14.894 .013 14.784 .021    2  Leonard   
11/12/99       51524.02  9999 .000    9999 .000  14.865 .048  14.603 .045 14.441 .045    2  Leonard  
12/12/99       51525.06  9999 .000  14.873 .045  14.784 .016  14.475 .033 14.338 .041    2  Leonard  
15/12/99       51527.98  9999 .000  14.868 .031  14.642 .021  14.337 .025 14.150 .023    2  Leonard  
16/12/99       51528.99  9999 .000  14.866 .029  14.635 .021  14.326 .023 14.128 .026    2  Leonard  
17/12/99       51529.97  9999 .000  14.876 .033  14.626 .023  14.300 .035 14.119 .029    2  Leonard  
18/12/99       51531.01  9999 .000  14.919 .051  14.638 .035  14.307 .038 14.125 .033    2  Leonard  
21/12/99       51533.95  9999 .000  14.978 .041  14.664 .037  14.289 .033 14.102 .031    2  Leonard  
27/12/99       51539.98  9999 .000  15.177 .022  14.683 .019  14.241 .028 14.007 .024    2  Leonard  
01/01/2000     51545.00  9999 .000  15.454 .022  14.741 .018  14.289 .031 14.004 .047    2  Leonard  
06/01/2000     51549.96  9999 .000  15.683 .025  14.784 .029  14.348 .021 14.044 .022    2  Leonard  
12/01/2000     51555.93  9999 .000  15.856 .021  14.841 .035  14.365 .032 14.058 .035    2  Leonard  
02/02/2000     51576.99  9999 .000  16.300 .031  14.948 .039  14.375 .045 13.949 .051    2  Leonard  
07/02/2000     51581.83  9999 .000  16.342 .033  14.979 .028  14.392 .025 13.957 .025    2  Leonard  
15/02/2000     51589.93  9999 .000  16.447 .057  14.982 .055  14.384 .058 13.968 .061    2  Leonard  
15/02/2000     51589.93  9999 .000  16.442 .023  15.021 .029  14.428 .031 13.965 .053    2  Leonard  
10/03/2000     51613.85  9999 .000  16.603 .048  15.114 .025  14.464 .033 14.036 .031    2  Leonard  
15/03/2000     51618.73  9999 .000  16.754 .040  15.146 .024  14.503 .027 14.074 .030    2  Leonard  
20/03/2000     51623.81  9999 .000  16.715 .023  15.207 .040  14.532 .039 14.099 .034    2  Leonard  
25/03/2000     51628.77  9999 .000  16.917 .046  15.330 .029  14.642 .029 14.189 .033    2  Leonard  
30/03/2000     51633.75  9999 .000  17.162 .026  15.475 .032  14.755 .032 14.287 .033    2  Leonard  
03/04/2000     51637.86  9999 .000  17.399 .030  15.645 .024  14.924 .029 14.461 .028    2  Leonard  
08/04/2000     51642.72  9999 .000  17.818 .051  16.099 .033  15.233 .034 14.729 .029    2  Leonard  
13/04/2000     51647.68  9999 .000  18.138 .024  16.750 .066  15.788 .153 15.158 .047    2  Leonard  
18/04/2000     51652.72  9999 .000  19.180 .047  17.142 .045  16.047 .073 15.478 .070    2  Leonard  
29/04/2000     51663.69  9999 .000  19.274 .050  17.436 .038  16.285 .029 15.689 .084    2  Leonard  
04/05/2000     51668.68  9999 .000  19.355 .059  17.470 .040  16.332 .042 15.711 .040    2  Leonard  
06/05/2000     51670.76  9999 .000  19.458 .032  17.647 .031  16.321 .035 15.828 .043    2  Leonard  
12/05/2000     51676.68  9999 .000  19.430 .080  17.590 .054  16.417 .066 15.781 .054    2  Leonard  
01/06/2000     51696.66  9999 .000  19.670 .039  17.863 .026  16.575 .046 16.197 .032    2  Leonard  
11/12/99       51523.77 14.21 .01   14.99  .01   14.86  .01   14.61  .01  14.44  .01     3  OIG
14/12/99       51526.77 14.08 .01   14.86  .01   14.65  .01   14.34  .01  14.20  .01     3  OIG
12/02/00       51586.5  17.79 .20   16.41  .04   15.02  .01   14.38  .01  14.01  .02     3  OIG
#/6/00         51698.37  9999 .000  19.10  .35   17.85  .18   16.74  .14  16.00  .03     4  EKAR
24/01/01       51933.43  9999 .000    9999 .000  19.94  .02   9999   .000  9999  .000    10 Li et. al. (HST)+F55W
#___________________________________________________________________________________________________________
#10.73/12/99    51523.23  9999 .000    9999 .000    9999 .000     14.3  .000     9999 .000    1  IAUC7334,u
#10.82/12/99    51523.32  9999 .000    9999 .000    9999 .000     14.0  .000     9999 .000    1  VSNET,u      
#11.794/12/99   51524.29  9999 .000    9999 .000    9999 .000     14.6  .000     9999 .000    1  IAUC7334,u
#14.135/12/99   51526.64  9999 .000    9999 .000    9999 .000     14.5  .000     9999 .000    1  BRIGHTSNe,u 
#14.59/12/99    51527.09  9999 .000    9999 .000    9999 .000     14.1  .000     9999 .000    1  VSNET,u   
#16.5/12/99     51529.00  9999 .000    9999 .000    9999 .000     14.5  .000     9999 .000    1  VSNET   
#17/12/99       51529.5   9999 .000    9999 .000    9999 .000     14.3  .000     9999 .000    1  BRIGHTSNe,u 
#18.656/12/99   51531.16  9999 .000    9999 .000    9999 .000     14.2  .000     9999 .000    1  VSNET,u
#19.343/12/99   51531.84  9999 .000    9999 .000    9999 .000     14.1  .000     9999 .000    1  BRIGHTSNe,u 
#19.379/12/99   51531.88  9999 .000    9999 .000    9999 .000     14.5  .000     9999 .000    1  VSNET,u
#19.671/12/99   51532.17  9999 .000    9999 .000    9999 .000     14.5  .000     9999 .000    1  IAUC7375,u
##21.76/12/99   51534.26  9999 .000    9999 .000    9999 .000     15.4  .000     9999 .000    1  BRIGHTSNe,u   
#22.657/12/99   51535.16  9999 .000    9999 .000    9999 .000     14.5  .000     9999 .000    1  IAUC7375,u
#23/12/99       51535.5   9999 .000    9999 .000    9999 .000     14.5  .000     9999 .000    1  BRIGHTSNe,u   
#29.650/12/99   51542.15  9999 .000    9999 .000    9999 .000     14.5  .000     9999 .000    1  IAUC7375,u
#30.38/12/99    51542.88  9999 .000    9999 .000    9999 .000     14.6  .000     9999 .000    1  VSNET,u
#31.172/12/99   51543.67  9999 .000    9999 .000    9999 .000     14.6  .000     9999 .000    1  IAUC7344
#31.438/12/99   51543.94  9999 .000    9999 .000    9999 .000     14.5  .000     9999 .000    1  VSNET,u
#01/01/00       51544.5   9999 .000    9999 .000    9999 .000     14.0  .000     9999 .000    1  BRIGHTSNe
#1.454/01/00    51544.95  9999 .000    9999 .000    9999 .000     14.0  .000     9999 .000    1  VSNET,u
#2.096/01/00    51545.60  9999 .000    9999 .000    9999 .000     13.9  .000     9999 .000    1  BRIGHTSNe,u     
#3.13/01/01     51546.63  9999 .000    9999 .000    9999 .000     14.1  .000     9999 .000    1  VSNET,u
#3.914/01/00    51547.41  9999 .000    9999 .000    9999 .000     14.4  .000     9999 .000    1  BRIGHTSNe,u        
#5.649/01/00    51549.15  9999 .000    9999 .000    9999 .000     14.2  .000     9999 .000    1  BRIGHTSNe,u
#07/01/00       51550.5   9999 .000    9999 .000    9999 .000     14.4  .000     9999 .000    1  BRIGHTSNe,u     
#07/01/00       51550.5   9999 .000    9999 .000   14.6  .000      9999 .000     9999 .000    1  BRIGHTSNe     
#7.154/01/00    51550.66  9999 .000    9999 .000    9999 .000     14.4  .000     9999 .000    1  BRIGHTSNe,u  
#8.175/01/00    51551.70  9999 .000    9999 .000    9999 .000     14.4  .000     9999 .000    1  VSNET,u
#8.20/01/00     51551.70  9999 .000    9999 .000   14.6  .000      9999 .000     9999 .000    1  VSNET
#9.926/01/00    51553.43  9999 .000    9999 .000    9999 .000     14.4  .000     9999 .000    1  VSNET,u
##10.14/01/00   51553.65  9999 .000    9999 .000    9999 .000     15.0  .000     9999 .000    1  BRIGHTSNe,u  
#11.07/01/00    51554.57  9999 .000    9999 .000   14.8  .000     14.4  .000     9999 .000    1  VSNET
#11.902/01/00   51555.40  9999 .000    9999 .000    9999 .000     14.3  .000     9999 .000    1  VSNET,u
#12.090/01/00   51555.59  9999 .000    9999 .000    9999 .000     14.2  .000     9999 .000    1  BRIGHTSNe,u  
#12.922/01/00   51556.42  9999 .000    9999 .000    9999 .000     14.5  .000     9999 .000    1  BRIGHTSNe,u
#12.93/01/00    51556.43  9999 .000    9999 .000   14.8  .000     14.4  .000     9999 .000    1  VSNET
#13.902/01/01   51557.40  9999 .000    9999 .000   14.8  .000      9999 .000     9999 .000    1  VSNET
#16.944/01/00   51560.44  9999 .000    9999 .000    9999 .000     14.4  .000     9999 .000    1  BRIGHTSNe,u  
#16.956/01/00   51560.46  9999 .000    9999 .000    9999 .000     14.4  .000     9999 .000    1  VSNET
#17.204/01/00   51560.70  9999 .000    9999 .000    9999 .000     14.3  .000     9999 .000    1  BRIGHTSNe,u  
#19.142/01/01   51562.64  9999 .000    9999 .000    9999 .000     14.4  .000     9999 .000    1  VSNET
#23.007/01/00   51566.51  9999 .000    9999 .000    9999 .000     14.3  .000     9999 .000    1  BRIGHTSNe,u  
#24.13/01/00    51567.63  9999 .000    9999 .000    9999 .000     14.4  .000     9999 .000    1  VSNET,u
#24.19/01/00    51567.69  9999 .000    9999 .000   14.9  .000     14.4  .000     9999 .000    1  VSNET
#24.85/01/00    51568.36  9999 .000    9999 .000   14.8  .000     14.4  .000     9999 .000    1  VSNET
#24.958/01/00   51568.46  9999 .000    9999 .000    9999 .000     14.56 .000     9999 .000    1  BRIGHTSNe,u  
##25.31/01/00   51568.81  9999 .000    9999 .000    9999 .000     15.0  .000     9999 .000    1  VSNET,u
#26/01/00       51569.5   9999 .000    9999 .000    9999 .000     14.3  .000     9999 .000    1  BRIGHTSNe,u  
#27.163/01/00   51570.66  9999 .000    9999 .000    9999 .000     14.3  .000     9999 .000    1  VSNET,u 
#28.001/01/00   51571.50  9999 .000    9999 .000    9999 .000     14.5  .000     9999 .000    1  BRIGHTSNe  
#28.650/01/00   51572.15  9999 .000    9999 .000    9999 .000     14.5  .000     9999 .000    1  IAUC7375,u
#28.913/01/00   51572.42  9999 .000    9999 .000    9999 .000     14.5  .000     9999 .000    1  VSNET,u
#28.94/01/00    51572.44  9999 .000    9999 .000   14.9  .000     14.4  .000     9999 .000    1  VSNET
#29/01/00       51572.5   9999 .000    9999 .000    9999 .000     14.5  .000     9999 .000    1  BRIGHTSNe,u 
##29.23/01/00   51572.73  9999 .000    9999 .000    9999 .000     14.76 .000     9999 .000    1  BRIGHTSNe,u 
##30.00/01/00   51573.5   9999 .000    9999 .000    9999 .000     14.9  .000     9999 .000    1  VSNET,u
##30.49/01/00   51573.99  9999 .000    9999 .000    9999 .000     15.0  .000     9999 .000    1  VSNET,u
##1.812/02/00   51576.31  9999 .000    9999 .000    9999 .000     15.2  .000     9999 .000    1  VSNET,u
#2.86/02/00     51577.37  9999 .000    9999 .000    9999 .000     14.4  .000     9999 .000    1  VSNET
##4.051/02/00   51578.55  9999 .000    9999 .000    9999 .000     14.01 .000     9999 .000    1  VSNET,u
#4.131/02/00    51578.63  9999 .000    9999 .000    9999 .000     14.5  .000     9999 .000    1  BRIGHTSNe,u 
#4.14/02/00     51578.64  9999 .000    9999 .000   14.7  .000     14.4  .000     9999 .000    1  VSNET  
#4.836/02/00    51579.34  9999 .000    9999 .000    9999 .000     14.7  .000     9999 .000    1  VSNET
#4.933/02/00    51579.43  9999 .000    9999 .000   14.9  .000     14.5  .000     9999 .000    1  VSNET  
##5.938/02/00    51580.44  9999 .000    9999 .000    9999 .000     15.1  .000     9999 .000    1  VSNET,u
#6.183/02/00    51580.68  9999 .000    9999 .000    9999 .000     14.5  .000     9999 .000    1  BRIGHTSNe,u 
#8.863/02/00    51583.37  9999 .000    9999 .000    9999 .000     14.4  .000     9999 .000    1  VSNET
#9.22/02/00     51583.72  9999 .000    9999 .000    9999 .000     14.20 .000     9999 .000    1  VSNET,u
#9.821/02/00    51584.32  9999 .000    9999 .000    9999 .000     14.5  .000     9999 .000    1  VSNET
##9.994/02/00   51584.49  9999 .000    9999 .000    9999 .000     15.1  .000     9999 .000    1  BRIGHTSNe,u 
#10.122/02/00   51584.62  9999 .000    9999 .000    9999 .000     14.16 .000     9999 .000    1  BRIGHTSNe,u 
#12.483/02/00   51586.98  9999 .000    9999 .000    9999 .000     14.6  .000     9999 .000    1  IAUC7375,u  
#14.865/02/00   51588.37  9999 .000    9999 .000    9999 .000     14.5  .000     9999 .000    1  VSNET 
#22.930/02/00   51597.43  9999 .000    9999 .000    9999 .000     14.5  .000     9999 .000    1  BRIGHTSNe,u 
#23.864/02/00   51598.36  9999 .000    9999 .000    9999 .000     14.6  .000     9999 .000    1  VSNET 
#25.872/02/00   51600.38  9999 .000    9999 .000    9999 .000     14.5  .000     9999 .000    1  VSNET 
##26.92/02/00   51601.45  9999 .000    9999 .000    9999 .000     15.1  .000     9999 .000    1  VSNET,u
#27.690/02/00   51602.19  9999 .000    9999 .000    9999 .000     14.7  .000     9999 .000    1  IAUC7375,u   
#29/02/00       51603.5   9999 .000    9999 .000    9999 .000     14.7  .000     9999 .000    1  BRIGHTSNe,u 
##2.85/03/00    51606.36  9999 .000    9999 .000    9999 .000     15.30 .000     9999 .000    1  VSNET,u
#4.852/03/00    51608.36  9999 .000    9999 .000    9999 .000     14.4  .000     9999 .000    1  VSNET
#4.905/03/00    51608.41  9999 .000    9999 .000    9999 .000     14.5  .000     9999 .000    1  VSNET
##4.99/03/00    51608.49  9999 .000    9999 .000    9999 .000     15.3  .000     9999 .000    1  VSNET,u
#5.875/03/00    51609.38  9999 .000    9999 .000    9999 .000     14.4  .000     9999 .000    1  VSNET
#6.879/03/00    51610.38  9999 .000    9999 .000    9999 .000     14.5  .000     9999 .000    1  VSNET
#6.925/03/00    51610.43  9999 .000    9999 .000    9999 .000     14.65 .000     9999 .000    1  BRIGHTSNe,u 
#7.133/03/00    51610.63  9999 .000    9999 .000    9999 .000     14.7  .000     9999 .000    1  VSNET,u
#7.893/03/00    51611.40  9999 .000    9999 .000    9999 .000     14.7  .000     9999 .000    1  VSNET
##7.951/03/00   51611.45  9999 .000    9999 .000    9999 .000     15.3  .000     9999 .000    1  BRIGHTSNe 
#8.901/03/00    51612.40  9999 .000    9999 .000    9999 .000     14.9  .000     9999 .000    1  VSNET
#8.933/03/00    51612.43  9999 .000    9999 .000    9999 .000     14.6  .000     9999 .000    1  BRIGHTSNe 
#9.881/03/00    51613.39  9999 .000    9999 .000    9999 .000     14.6  .000     9999 .000    1  VSNET
#10.873/03/00   51614.38  9999 .000    9999 .000    9999 .000     14.6  .000     9999 .000    1  VSNET
#11.849/03/00   51615.35  9999 .000    9999 .000    9999 .000     14.6  .000     9999 .000    1  VSNET
#11.860/03/00   51615.36  9999 .000    9999 .000    9999 .000     14.5  .000     9999 .000    1  BRIGHTSNe 
#11.876/03/00   51615.38  9999 .000    9999 .000   15.0  .000      9999 .000     9999 .000    1  BRIGHTSNe 
#12.904/03/00   51616.41  9999 .000    9999 .000    9999 .000     14.5  .000     9999 .000    1  VSNET
#13.760/03/00   51617.26  9999 .000    9999 .000    9999 .000     14.9  .1       9999 .000    1  IAUC7398,u
#14.852/03/00   51618.36  9999 .000    9999 .000    9999 .000     14.7  .000     9999 .000    1  VSNET
#15.832/03/00   51619.34  9999 .000    9999 .000    9999 .000     14.5  .000     9999 .000    1  VSNET
#16.031/03/00   51619.53  9999 .000    9999 .000    9999 .000     14.6  .000     9999 .000    1  VSNET 
#21.84/03/00    51625.35  9999 .000    9999 .000    9999 .000     14.6  .000     9999 .000    1  VSNET  
#21.92/03/00    51625.42  9999 .000   16.0  .000    9999 .000     15.0  .000     9999 .000    1  BRIGHTSNe 
#23.838/03/00   51626.34  9999 .000    9999 .000    9999 .000     14.6  .000     9999 .000    1  VSNET  
#24.32/03/00    51627.82  9999 .000    9999 .000   15.7  .000      9999 .000     9999 .000    1  VSNET  
#24.958/03/00   51628.46  9999 .000    9999 .000    9999 .000     14.5  .000     9999 .000    1  BRIGHTSNe,u
##24.99/03/00   51628.49  9999 .000    9999 .000    9999 .000     15.4  .000     9999 .000    1  VSNET,u
##25.9/03/00    51629.40  9999 .000    9999 .000    9999 .000     15.6  .000     9999 .000    1  VSNET,u
#27.773/03/00   51631.28  9999 .000    9999 .000    9999 .000     14.8  .000     9999 .000    1  VSNET
#28.782/03/00   51632.29  9999 .000    9999 .000    9999 .000     15.0  .000     9999 .000    1  VSNET   
#28.874/03/00   51632.37  9999 .000    9999 .000    9999 .000     14.9  .000     9999 .000    1  IAUC7398,u 
#30.907/03/00   51634.40  9999 .000    9999 .000    9999 .000     14.7  .000     9999 .000    1  VSNET
#31.83/03/00    51635.33  9999 .000    9999 .000    9999 .000     15.3  .000     9999 .000    1  VSNET,u
##1.215/04/00   51635.73  9999 .000    9999 .000    9999 .000     14.2  .000     9999 .000    1  BRIGHTSNe,u 
#1.899/04/00    51636.40  9999 .000    9999 .000    9999 .000     15.0  .000     9999 .000    1  VSNET
#2.908/04/00    51637.41  9999 .000    9999 .000    9999 .000     15.0  .000     9999 .000    1  IAUC7398,u  
#3.311/04/00    51637.81  9999 .000    9999 .000   15.9  .000      9999 .000     9999 .000    1  VSNET
#5.786/04/00    51640.29  9999 .000    9999 .000    9999 .000     15.2  .000     9999 .000    1  BRIGHTSNe 
#6.836/04/00    51641.34  9999 .000    9999 .000    9999 .000     15.1  .000     9999 .000    1  BRIGHTSNe 
#6.971/04/00    51641.47  9999 .000    9999 .000    9999 .000     15.2  .000     9999 .000    1  VSNET
#7.858/04/00    51642.36  9999 .000    9999 .000    9999 .000     15.3  .000     9999 .000    1  VSNET
#7.878/04/00    51642.38  9999 .000    9999 .000    9999 .000     15.2  .000     9999 .000    1  BRIGHTSNe
#7.89/04/00     51642.40  9999 .000    9999 .000   15.8  .000     15.3  .000     9999 .000    1  VSNET
#7.941/04/00    51642.44  9999 .000    9999 .000    9999 .000     15.1  .000     9999 .000    1  VSNET
#8.815/04/00    51643.32  9999 .000    9999 .000    9999 .000     15.3  .000     9999 .000    1  IAUC7398,u 
#9.816/04/00    51644.32  9999 .000    9999 .000    9999 .000     15.3  .000     9999 .000    1  IAUC7398,u
#13.263/04/00   51647.76  9999 .000    9999 .000   16.2  .000      9999 .000     9999 .000    1  VSNET  
#13.848/04/00   51648.36  9999 .000    9999 .000    9999 .000     15.7  .000     9999 .000    1  VSNET  
#17.854/04/00   51652.37  9999 .000    9999 .000    9999 .000     15.8  .000     9999 .000    1  BRIGHTSNe 
#17.948/04/00   51652.44  9999 .000    9999 .000    9999 .000     15.8  .000     9999 .000    1  BRIGHTSNe 
#18.836/04/00   51653.34  9999 .000    9999 .000    9999 .000     16.1  .000     9999 .000    1  VSNET 
#19.837/04/00   51654.34  9999 .000    9999 .000    9999 .000     16.1  .000     9999 .000    1  BRIGHTSNe 
#19.84/04/00    51654.35  9999 .000    9999 .000    9999 .000     16.0  .000     9999 .000    1  VSNET 
#19.89/04/00    51654.40  9999 .000    9999 .000    9999 .000     16.1  .000     9999 .000    1  VSNET 
#19.91/04/00    51654.41  9999 .000    9999 .000    9999 .000     16.1  .000     9999 .000    1  VSNET 
#20.832/04/00   51655.34  9999 .000    9999 .000    9999 .000     16.20 .000     9999 .000    1  VSNET,u 
#21.846/04/00   51656.35  9999 .000    9999 .000    9999 .000     16.1  .000     9999 .000    1  VSNET
#22.699/04/00   51657.20  9999 .000    9999 .000    9999 .000     16.2  .000     9999 .000    1  BRIGHTSNe 
#24.832/04/00   51659.34  9999 .000    9999 .000    9999 .000     16.1  .000     9999 .000    1  VSNET
#24.842/04/00   51659.35  9999 .000    9999 .000    9999 .000     16.1  .000     9999 .000    1  BRIGHTSNe
#24.850/04/00   51659.35  9999 .000    9999 .000   16.5  .000     16.1  .000     9999 .000    1  VSNET 
#24.885/04/00   51659.39  9999 .000    9999 .000    9999 .000     15.8  .000     9999 .000    1  BRIGHTSNe,u
#29.872/04/00   51664.38  9999 .000    9999 .000    9999 .000     16.1  .000     9999 .000    1  VSNET
#29.915/04/00   51664.42  9999 .000    9999 .000    9999 .000     15.9  .000     9999 .000    1  BRIGHTSNe
#30.923/04/00   51665.42  9999 .000    9999 .000    9999 .000     15.9  .000     9999 .000    1  VSNET
#1.836/05/00    51666.34  9999 .000    9999 .000    9999 .000     16.2  .000     9999 .000    1  VSNET
#2.848/05/00    51667.35  9999 .000    9999 .000    9999 .000     16.2  .000     9999 .000    1  BRIGHTSNe
#3.842/05/00    51669.35  9999 .000    9999 .000    9999 .000     16.1  .000     9999 .000    1  VSNET
#4.876/05/00    51669.38  9999 .000    9999 .000    9999 .000     16.1  .000     9999 .000    1  VSNET
#4.9/05/00      51669.40  9999 .000    17.3 .000    9999 .000     15.7  .000     9999 .000    1  BRIGHTSNe
#15.891/05/00   5180.39  9999 .000    9999 .000    9999 .000     16.3  .000     9999 .000    1  VSNET
#20.916/05/00   51685.42  9999 .000    9999 .000    9999 .000     16.4  .000     9999 .000    1  BRIGHTSNe
#21/05/00       51685.5   9999 .000    9999 .000    9999 .000     16.2  .000     9999 .000    1  BRIGHTSNe
#21.898/05/00   51686.40  9999 .000    9999 .000    9999 .000     16.2  .000     9999 .000    1  VSNET 
#24.879/05/00   51689.38  9999 .000    9999 .000    9999 .000     16.4  .000     9999 .000    1  BRIGHTSNe
#24.888/05/00   51689.39  9999 .000    9999 .000    9999 .000     16.1  .000     9999 .000    1  VSNET
#24.904/05/00   51689.41  9999 .000    9999 .000   16.9  .000      9999 .000     9999 .000    1  VSNET
#25.858/05/00   51690.36  9999 .000    9999 .000    9999 .000     16.3  .000     9999 .000    1  VSNET 
#1.893/06/00    51697.39  9999 .000    9999 .000    9999 .000     16.3  .000     9999 .000    1  BRIGHTSNe
#1.987/06/00    51697.49  9999 .000    9999 .000    9999 .000     16.0  .000     9999 .000    1  VSNET   
#14.908/06/00   51710.41  9999 .000    9999 .000    9999 .000     16.2  .2       9999 .000    1  BRIGHTSNe
#16.889/06/00   51712.39  9999 .000    9999 .000    9999 .000     16.5  .000     9999 .000    1  BRIGHTSNe
#26.874/06/00   51722.37  9999 .000    9999 .000    9999 .000     16.3  .000     9999 .000    1  VSNET  
#___________________________________________________________________________________________________
#J        JD_max     9999  .000  
#          M_max     9999  .00
# Date      JD         U      S Inst 
#
#
