 2002bo Ia
 NGC3190 ABg= 0.103 0. ABi= 1.66 0. mu= 31.76 0. (benetti)31.77abg=0.112abi=1.66
_____________________________________________________________________________
UBVRI JD_MAX 99999 0.0 52356.5 0.5   52358.6 0.5  52359.1 0.5   52355.5 0.5
      m_max  9999 0.   14.01 0.10    13.56 0.10   13.40 0.10    13.49 0.10
 Date     JD       U          B          V          R           I          S    Inst
 xxxxxx   52336.    9999    0  30.   0.0  30.   0.0   30.   0.0  9999  0.0   111  AFOSC  DONE
 xxxxxx   52656.    9999    0 20.8  0.0  20.2 0.0   20.05  0.0  9999  0.0   111  AFOSC  DONE
#
 9/3/02   52343.45  9999    0  16.94 0.04 16.22 0.03  15.90 0.03 15.86 0.03  1    AFOSC  DONE
 11/3/02  52344.51  9999    0  16.30 0.10 15.71 0.12  15.37 0.10 15.43 0.10  1    AFOSC  DONE
 12/3/02  52345.52  9999    0  15.72 0.06 15.22 0.03  14.93 0.05 14.95 0.06  1    AFOSC  DONE
 12/3/02  52346.49  9999    0  15.33 0.07 14.93 0.07  14.55 0.05 14.56 0.06  1    AFOSC  DONE
 13/3/02  52347.42  9999    0  15.11 0.03 14.71 0.03  14.32 0.03 14.30 0.03  1    AFOSC  DONE
 16/3/02  52350.42  9999    0  14.47 0.04 9999    0   9999    0  9999    0   1    ALFOSC DONE
 19/3/02  52352.54  9999    0  14.22 0.03 9999    0   9999    0  9999    0   1    ALFOSC DONE
 19/3/02  52352.55  9999    0  14.22 0.05 13.88 0.07  13.62 0.11 13.57 0.08  1    AFOSC  DONE
 19/3/02  52353.46  9999    0  14.10 0.04 13.76 0.03  13.54 0.05 13.56 0.04  1    AFOSC  DONE
 20/3/02  52354.39  9999    0  14.08 0.02 9999    0   9999    0  9999    0   1    ALFOSC DONE
 21/3/02  52355.34  9999    0  14.07 0.10 13.68 0.10  13.50 0.10 13.55 0.10  1    AFOSC # BVRI norm to B ALFOSC (+0.03) DONE
 21/3/02  52355.45  9999    0  14.08 0.07 9999    0   9999    0  9999    0   1    ALFOSC DONE
 28/3/02  52361.58  9999    0  14.13 0.06 13.66 0.04  13.45 0.10 13.77 0.04  1    JKT    DONE
# 21/4/02  52386.41  9999    0  16.72 0.20 15.25 0.20  14.85 0.20 99999  0    1    from INT+IDS spectrum
 6/5/02   52401.39  17.58 0.05 17.03 0.05 15.63 0.05  15.13 0.05 14.92 0.05  1    DOLORES DONE
 15/5/02  52410.45  9999    0  17.20 0.08 15.86 0.05  15.52 0.03 15.36 0.04  1    AFOSC  DONE
 10/6/02  52436.37  9999    0  17.47 0.07 16.47 0.06  16.44 0.08 16.54 0.04  1    AFOSC  DONE
 27/6/02  52453.42  18.42 0.05 17.65 0.04 16.98 0.04  16.86 0.04 16.93 0.09  1    INT  DONE
 29/6/02  52455.44  9999    0  9999   0   17.06 0.06  17.10 0.04 17.12 0.06  1    JKT  DONE
 30/6/02  52456.42  9999    0  17.70 0.05 9999   0    9999   0   9999   0    1    JKT #U???? DONE
 02/7/02  52458.44  9999    0  17.72 0.08 17.20 0.05  17.01 0.10 17.07 0.10  1    JKT DONE
 #15/3/02  52349.46  9999    0  14.62  0   14.39  0    13.99  0   9999   0    2    IBVS
 #17/3/02  52351.39  9999    0  14.13  0   14.35  0    13.78  0   9999   0    2    IBVS
 #19/3/02  52353.44  9999    0  13.92  0   14.14  0    13.60  0   9999   0    2    IBVS
   999    52345.58  9999    0  15.80  0   15.27    0   14.92  0   14.88  0    3    CTIO
   999    52346.66  9999    0  15.43  0   14.95    0   14.58  0   14.54  0    3    CTIO
   999    52350.52  9999    0  14.48  0   14.11    0   13.84  0   13.80  0    3    CTIO
   999    52350.83  9999    0  14.40  0   14.07    0   13.81  0   13.78  0    3    CTIO
   999    52354.60  9999    0  14.14  0   13.71    0   13.56  0   13.62  0    3    CTIO
   999    52358.60  9999    0  14.13  0   13.58    0   13.50  0   13.69  0    3    CTIO
   999    52360.61  9999    0  14.13  0   13.64    0   13.51  0   13.75  0    3    CTIO
   999    52361.57  9999    0  14.21  0   13.66    0   13.48  0   13.78  0    3    CTIO
   999    52362.43  9999    0  14.31  0   13.66    0   13.58  0   13.86  0    3    CTIO
   999    52366.51  9999    0  14.65  0   13.82    0   13.82  0   14.14  0    3    CTIO
   999    52370.48  9999    0  15.10  0   14.07    0   14.05  0   14.30  0    3    CTIO
   999    52373.49  9999    0  15.38  0   14.36    0   14.18  0   14.35  0    3    CTIO
   999    52376.49  9999    0  15.76  0   14.42    0   14.13  0   14.10  0    3    CTIO
#   999    52381.54  9999    0  16.29  0   14.66    0   14.05  0   14.04  0    3    CTIO
   999    52381.54  9999    0  16.29  0   14.66    0    9999  0   14.04  0    3    CTIO
   999    52385.51  9999    0  16.59  0   14.91    0   14.44  0   14.06  0    3    CTIO
   999    52389.48  9999    0  16.86  0   15.22    0   14.75  0   14.34  0    3    CTIO
   999    52390.54  9999    0  16.88  0   15.27    0   14.81  0   14.43  0    3    CTIO
   999    52397.42  9999    0  17.11  0   15.55    0   15.17  0   14.88  0    3    CTIO
   999    52400.32  9999    0  17.15  0   15.67    0   15.28  0   14.98  0    3    CTIO
   999    52349.39  9999    0  14.72 0.03   14.39 0.02  9999    0   13.86 0.04  5  tsvetkov
   999    52351.39  9999    0  14.31 0.06   14.07 0.02  9999    0   13.63 0.05  5  tsvetkov
   999    52353.25  9999    0  14.17 0.03   13.88 0.02  9999    0   13.54 0.03  5  tsvetkov
   999    52357.37  9999    0  14.05 0.05   13.68 0.02  9999    0   13.57 0.02  5  tsvetkov
   999    52359.35  9999    0  14.14 0.06   13.64 0.03  9999    0   13.67 0.04  5  tsvetkov
   999    52361.24  9999    0  14.23 0.04   13.65 0.02  9999    0   13.64 0.03  5  tsvetkov
   999    52363.24  9999    0  14.40 0.04   13.77 0.02  9999    0   13.75 0.02  5  tsvetkov
   999    52367.34  9999    0  14.64 0.04   14.00 0.02  9999    0   13.91 0.05  5  tsvetkov
   999    52373.35  9999    0  15.36 0.06   14.31 0.02  9999    0   13.99 0.05  5  tsvetkov
   999    52375.39  9999    0  15.68 0.11   14.47 0.03  9999    0   13.98 0.05  5  tsvetkov
#   999    52379.30  9999    0  16.37 0.23   14.66 0.03  9999    0   13.87 0.03  5  tsvetkov
   999    52379.30  9999    0   9999   0.   14.66 0.03  9999    0   13.87 0.03  5  tsvetkov
   999    52388.38  9999    0   9999   0     15.20 0.03  9999    0   14.02 0.17  5  tsvetkov
   999    52400.36  9999    0  17.11 0.18   15.70 0.05  9999    0   14.82 0.06  5  tsvetkov
   999    52402.32  9999    0   9999   0      9999   0    9999    0   14.89 0.07  5  tsvetkov
   999    52344.29 9999     0   9999   0     15.729 0.02 15.47 0.02   15.70 0.02  6  szabo et al
   999    52345.257 9999    0   9999   0     15.320 0.02 15.02 0.02   15.18 0.02  6  szabo et al
   999    52350.350 9999    0   9999   0     13.945 0.03 13.67 0.04    9999   0    6  szabo et al
   999    52365.354 9999    0   9999   0     13.757 0.03 13.62 0.04   13.96 0.04  6  szabo et al
   999    52367.344 9999    0   9999   0     13.931 0.03 13.91 0.04    9999   0    6  szabo et al
   999    52371.313 9999    0   9999   0     14.131 0.03 14.05 0.04   14.10 0.04  6  szabo et al
   999    52388.311 9999    0   9999   0     14.967 0.07 14.51 0.11   14.27 0.13  6  szabo et al
   999    52434.406 9999    0   9999   0     16.405 0.05 16.26 0.07   16.19 0.11  6  szabo et al
  0	52345.7   16.295 0.194	15.724 0.016 	15.279 0.013 	14.91 0.017  14.906 0.026  7  kresciunas
  0	52346.7   15.806 0.186	15.362 0.009 	14.954 0.011 	14.582 0.011 14.559 0.023  7  kresciunas
  0	52350.6   14.454 0.164	14.367 0.020 	14.072 0.010 	13.817 0.011 13.802 0.013  7  kresciunas
  0 	52350.7   14.702 0.171 	14.444 0.022 	14.116 0.010 	13.83 0.016  13.785 0.011  7  kresciunas
  0 	52354.7   14.218 0.081 	14.098 0.014 	13.733 0.009 	13.541 0.013 13.592 0.010  7  kresciunas
  0 	52358.6   14.313 0.099 	14.085 0.010 	13.605 0.013 	13.487 0.015 13.635 0.019  7  kresciunas
  0 	52360.7   14.521 0.074 	14.12  0.047 	13.638 0.040 	13.513 0.030 13.744 0.030  7  kresciunas
  0 	52361.7   14.582 0.074 	14.201 0.040 	13.658 0.040 	13.493 0.030 13.778 0.030  7  kresciunas
  0 	52362.6   14.73 0.073 	14.277 0.012 	13.686 0.010 	13.559 0.012 13.762 0.032  7  kresciunas
  0 	52366.6   15.18 0.069 	14.632 0.025 	13.851 0.014 	13.827 0.026 14.004 0.033  7  kresciunas
  0 	52370.6   15.708 0.098 	15.075 0.013 	14.108 0.014 	14.075 0.032 14.159 0.034  7  kresciunas
  0 	52373.6   15.989 0.064 	15.411 0.020 	14.326 0.014 	14.188 0.011 14.346 0.010  7  kresciunas
  0 	52376.6   16.563 0.114 	15.738 0.031 	14.46 0.015 	14.162 0.029 13.987 0.038  7  kresciunas
  0 	52381.6   17.063 0.157 	16.221 0.028 	14.71 0.011 	14.261 0.022 13.957 0.013  7  kresciunas
  0 	52385.6   17.432 0.249 	16.507 0.054 	14.952 0.027 	14.437 0.026 13.996 0.015  7  kresciunas
  0 	52389.6   17.436 0.215 	16.78 0.039 	15.274 0.022 	14.736 0.014 14.286 0.013  7  kresciunas
  0 	52390.5   9999 0.0 	16.799 0.046 	15.325 0.019 	14.797 0.014 14.37 0.015   7  kresciunas
  0 	52397.5   9999 0.0 	17.045 0.057 	15.6 0.016 	15.164 0.015 14.827 0.014  7  kresciunas
  0 	52400.5   9999 0.0 	17.085 0.013 	15.71 0.015 	15.284 0.018 14.935 0.012  7  kresciunas
__________________________________________________________________________________________________________
JHK     JD_max  52354.9  2.0    52354.0  2.0    52354.9  2.0
         m_max    13.79   0.0     13.59   0.0     13.51   0.0
  Date     JD           J            H                K           S       Inst
 0 	52345.7  14.623 0.030 	14.613 0.039 	14.767 0.071  7  kresciunas
 0 	52346.7  14.478 0.057 	14.469 0.029 	14.637 0.059  7  kresciunas
 0 	52350.7  13.854 0.084 	13.93  0.028 	13.987 0.041  7  kresciunas
 0 	52354.7  13.68  0.023 	13.878 0.026 	13.883 0.041  7  kresciunas
 0 	52358.6  13.911 0.030 	14.071 0.030 	14.021 0.074  7  kresciunas
 0 	52362.6  14.257 0.029 	14.216 0.023 	14.269 0.051  7  kresciunas
 0 	52366.6  14.975 0.099 	14.344 0.054 	14.519 0.070  7  kresciunas
 0 	52370.6  15.386 0.054 	14.233 0.023 	14.283 0.061  7  kresciunas
 0 	52376.6  15.105 0.075 	13.956 0.032 	14.096 0.103  7  kresciunas
 0 	52381.6  14.752 0.047 	13.82  0.020 	13.92 0.040   7  kresciunas
 0 	52385.6  14.683 0.043 	13.953 0.029 	14.093 0.052  7  kresciunas
 0 	52389.6  14.819 0.025 	14.101 0.027 	14.371 0.048  7  kresciunas
 0 	52390.5  14.882 0.038 	14.292 0.027 	14.531 0.050  7  kresciunas
 0 	52397.5  15.607 0.075 	14.693 0.037 	14.912 0.071  7  kresciunas
 0 	52400.5  15.71 0.037 	14.872 0.030 	15.16 0.092   7  kresciunas
#############################################################################################
###
#
#4/3/02   52337.50 9999    0  9999   0   9999   0   19.5   0   9999   0   -1    IAUC7863 assumed B-R and V-R of 9/3
#15/3/02  52348.52 9999    0  14.83 0.03 9999    0  9999    0  9999    0   1    ALFOSC DONE
#14/6/02  52440.48 9999    0  17.52 0.07 16.71 0.06 16.54 0.04 16.64 0.05  1    EMMI DONE
#08/4/02  52373.44 9999    0  14.97  0   14.72  0   14.32  0   9999   0    2    IBVS
#18/05/02 52413.28 9999    0  16.63  0   16.03  0   15.60  0   9999   0    2    IBVS
# 999    52407.35 9999    0   999   0     16.13 0.05  999    0   15.26 0.11  5  tsvetkov
# 999    52410.33 9999    0  17.45 0.34   16.16 0.06  999    0   15.23 0.11  5  tsvetkov
# 999    52421.36 9999    0   999   0     16.60 0.18  999    0   15.94 0.18  5  tsvetkov
# 999    52407.35 9999    0   999   0     16.13 0.05  15.79 0.04   15.26 0.11  5  tsvetkov
# 999    52410.33 9999    0  17.45 0.34   16.16 0.06  15.76 0.06   15.23 0.11  5  tsvetkov
# 999   52421.36 9999    0   999   0     16.60 0.18  16.21 0.09   15.94 0.18  5  tsvetkov
#  999   52380.308 9999   0   999   0     14.469 0.06 14.09 0.09   14.02 0.09  6  szabo et al
#  999   52381.323 9999   0   999   0     14.557 0.06 14.22 0.10   14.13 0.11  6  szabo et al
#  999   52396.313 9999   0   999   0     15.314 0.09 15.07 0.11    999   0    6  szabo et al
#
