2004et	IIP
NGC6946 ABg= 1.48 0.0 ABi= 0.03 0.04 mu= 28.85 0.02 jd_expl= 53270.5 (v=4888km/sec,H0=72km/(secMpc))
_____________________________________________________________________________________________________
UBVRI	JD_MAX	 53279.2 2.0    53279.9 2.0    53288.9  2.0     53294.2 2.0    53323.9 2.0           
       m_max	 12.22	  0.0	12.90	0.0    12.58	0.0	12.16	0.0    11.91   0.0
 Date      JD        U   	 B   	      V    	  R           I              S	    Inst
xxxxxxxx  53273.     9999  .0    30.00 0.0    30.0  0.0   30.0  0.0   9999  0.00     111        
#
29092004  53278.2   12.31 0.04   12.90 0.02   12.65 0.01  12.36 0.02  9999  0.00     4       xxx
30092004  53279.2   12.22 0.03   12.93 0.03   12.63 0.02  12.33 0.01  9999  0.00     4       xxx
01102004  53279.9   9999  0.00   12.90 0.04   12.60 0.02  12.28 0.02  12.01 0.02     4       xxx
06102004  53285.13  12.44 0.02   12.95 0.01   12.60 0.02  12.27 0.01  11.94 0.02     9       mis
10102004  53288.9   9999  0.00   13.00 0.02   12.58 0.02  12.23 0.01  11.98 0.02     4       xxx
13102004  53292.12  9999  0.00	 12.88 0.03   12.50 0.03  12.16 0.03  11.88 0.03     9       mis
15102004  53294.09  9999  0.00   13.20 0.01   12.62 0.01  12.22 0.02  11.91 0.02     9       mis
15102004  53294.2   13.04 0.04   13.16 0.01   12.61 0.01  12.16 0.01  11.94 0.01     7       tsv
16102004  53295.10  13.15 0.01   13.21 0.01   12.62 0.01  12.23 0.02  11.88 0.02     9       mis
17102004  53296.05  13.26 0.08   13.26 0.01   12.63 0.03  12.24 0.02  11.87 0.03     9       mis
17102004  53295.9   9999  0.00   13.27 0.02   12.63 0.01  12.22 0.01  11.92 0.01     4       xxx
18102004  53297.01  13.40 0.01   13.31 0.01   12.66 0.02  12.23 0.03  11.88 0.02     9       mis
19102004  53297.07  9999  0.00   9999  0.00   9999  0.00  12.24 0.01  11.94 0.01     4       xxx
19102004  53298.11  13.50 0.02   13.37 0.02   12.63 0.02  12.21 0.04  11.89 0.03     9       mis
20102004  53299.07  13.63 0.01   13.41 0.01   9999  0.00  12.23 0.02  11.90 0.02     9       mis
21102004  53300.05  13.72 0.01   13.47 0.01   12.67 0.01  12.22 0.02  11.88 0.02     9       mis
22102004  53301.06  13.81 0.01   13.52 0.01   12.69 0.02  12.25 0.01  11.89 0.02     9       mis
28102004  53307.38  14.37 0.04   13.79 0.01   12.79 0.01  12.26 0.01  11.95 0.01     7	     tsv
30102004  53309.35  14.51 0.03   13.86 0.01   12.81 0.01  12.29 0.01  11.95 0.01     7	     tsv			 
02112004  53312.37  14.70 0.09   13.93 0.01   12.83 0.01  12.27 0.01  11.95 0.01     7	     tsv
03112004  53313.07  14.77 0.01   13.96 0.003  12.84 0.004 12.33 0.006 11.91 0.008    9       mis
04112004  53314.04  14.83 0.01   13.99 0.01   12.85 0.01  12.32 0.009 11.92 0.008    9       mis
05112004  53315.07  14.89 0.01   14.02 0.01   12.87 0.01  12.33 0.01  11.90 0.01     9       mis
05112004  53315.37  14.85 0.10   14.04 0.01   12.87 0.01  12.30 0.01  11.97 0.01     7	     tsv
06112004  53316.05  14.95 0.01   14.04 0.01   12.87 0.01  12.34 0.01  11.90 0.01     9       mis
06112004  53316.28  15.08 0.03   14.10 0.01   12.95 0.01  12.40 0.01  12.01 0.01     7	     tsv
07112004  53317.24  15.07 0.01   14.08 0.01   12.88 0.01  12.32 0.01  11.95 0.01     7	     tsv
08112004  53317.9   9999  0.00   14.12 0.01   12.89 0.01  12.36 0.01  11.93 0.01     4       xxx
08112004  53318.05  15.06 0.01   14.08 0.004  12.89 0.01  12.35 0.01  11.90 0.008    9       mis
08112004  53318.46  15.09 0.17   14.08 0.01   12.89 0.01  12.38 0.01  11.97 0.01     7	     tsv
09112004  53319.36  15.15 0.07   14.13 0.01   12.91 0.01  12.34 0.01  11.96 0.01     7	     tsv
10112004  53320.42  15.25 0.09   14.15 0.01   12.90 0.01  12.34 0.01  11.95 0.01     7	     tsv
13112004  53323.05  15.32 0.04   14.23 0.01   12.93 0.01  12.35 0.01  11.90 0.01     9       mis
14112004  53324.04  15.37 0.01   14.21 0.003  12.93 0.01  12.35 0.008 11.90 0.009    9       mis
14112004  53323.9   15.38 0.02   14.25 0.01   12.91 0.02  12.36 0.01  11.91 0.01     4	     xxx
16112004  53325.8   9999  0.00   14.30 0.01   12.99 0.01  12.39 0.01  11.92 0.01     4	     xxx
16112004  53326.04  15.48 0.01   14.24 0.003  12.94 0.004 12.36 0.008 11.89 0.01     9       mis
18112004  53328.04  15.62 0.01   14.31 0.01   12.97 0.01  12.37 0.01  11.92 0.01     9       mis
19112004  53329.0   9999  0.00   14.36 0.02   13.01 0.01  12.40 0.01  11.91 0.01     4	     xxx
19112004  53329.16  15.65 0.02   14.32 0.01   12.97 0.01  12.36 0.01  11.96 0.01     7	     tsv
20112004  53329.8   9999  0.00   14.39 0.01   12.98 0.01  12.38 0.01  11.93 0.01     4       xxx
21112004  53331.18  15.60 0.07   14.37 0.02   12.98 0.01  12.37 0.01  11.97 0.01     7	     tsv
22112004  53332.20  9999  0.00	 14.45 0.04   12.95 0.03  12.31 0.02  11.92 0.03     7	     tsv
25112004  53335.26  15.98 0.12   14.42 0.02   13.01 0.01  12.38 0.01  11.97 0.01     7	     tsv
02122004  53342.07  16.18 0.02   14.52 0.004  13.04 0.003 12.40 0.004 11.91 0.01     9       mis
03122004  53343.09  16.16 0.02   14.54 0.004  13.05 0.003 12.41 0.005 11.92 0.005    9       mis
04122004  53344.07  16.22 0.01   14.56 0.01   13.06 0.02  9999  0.00  11.92 0.03     9       mis
10122004  53349.8   9999  0.00   14.73 0.01   13.14 0.01  12.45 0.01  11.93 0.01     4       xxx
12122004  53352.04  16.54 0.02   14.69 0.004  13.11 0.01  12.44 0.007 11.92 0.01     9       mis 
13122004  53352.7   9999  0.00   14.77 0.01   13.14 0.01  12.47 0.01  9999  0.00     4       xxx
13122004  53353.04  9999  0.00	 14.71 0.005  13.14 0.003 12.48 0.004 9999  0.00     9       mis	
15122004  53354.8   9999  0.00   14.88 0.04   13.17 0.03  12.49 0.03  11.93 0.03     4       xxx
15122004  53355.08  9999  0.00   14.73 0.002  13.15 0.001 12.47 0.002 11.96 0.002    9       mis
16122004  53356.05  16.63 0.03   14.76 0.003  13.15 0.002 12.48 0.004 11.93 0.008    9       mis
18122004  53358.06  9999  0.00   14.80 0.003  13.18 0.002 12.49 0.003 11.98 0.003    9       mis
22122004  53362.05  9999  0.00	 9999  0.00   9999  0.00  12.50 0.01  11.99 0.009    9       mis
29122004  53369.26  9999  0.00   9999  0.00   13.32 0.01  12.56 0.01  12.12 0.01     7	     tsv
02012005  53371.06  9999  0.00   9999  0.00   9999  0.00  9999  0.00  12.10 0.006    9       mis
03012005  53373.8   9999  0.00   15.14 0.04   13.41 0.01  12.69 0.01  12.16 0.01     4       xxx
11012005  53382.17  9999  0.00   15.47 0.01   13.70 0.01  12.82 0.01  9999  0.00     7	     tsv     
14012005  53384.8   9999  0.00   15.68 0.01   13.81 0.01  13.02 0.01  12.37 0.01     4       xxx
18012005  53389.30  9999  0.00	 15.79 0.05   14.09 0.03  13.11 0.02  12.64 0.02     7	     tsv
04022005  53406.17  9999  0.00	 17.34 0.05   15.64 0.03  14.47 0.03  13.86 0.02     7	     tsv
10022005  53412.20  9999  0.00	 17.36 0.09   15.75 0.06  14.56 0.02  13.97 0.02     7	     tsv
03032005  53432.53  9999  0.00	 17.63 0.07   15.93 0.04  14.67 0.03  14.14 0.02     7	     tsv
09032005  53439.2   9999  0.00   17.74 0.02   15.97 0.01  14.89 0.01  14.06 0.01     4       xxx
17032005  53446.58  9999  0.00   17.55 0.06   16.12 0.04  14.81 0.03  14.26 0.03     7	     tsv
18032005  53447.0   9999  0.00   17.75 0.01   16.04 0.01  14.96 0.01  9999  0.00     4       xxx
27032005  53456.53  9999  0.00	 17.77 0.05   16.14 0.03  14.92 0.03  14.39 0.02     7	     tsv
29032005  53458.56  9999  0.00	 17.77 0.08   16.21 0.05  14.92 0.03  14.41 0.02     7	     tsv
08042005  53468.51  9999  0.00	 17.78 0.17   16.24 0.12  14.96 0.05  14.47 0.06     7	     tsv
13042005  53473.51  9999  0.00	 17.87 0.05   16.35 0.03  15.06 0.03  14.53 0.03     7	     tsv
18052005  53509.47  9999  0.00	 17.94 0.07   16.69 0.04  15.46 0.03  14.99 0.03     7	     tsv
15062005  53537.0   9999  0.00   18.35 0.02   16.97 0.02  15.76 0.01  14.99 0.03     4	     xxx
02072005  53554.0   9999  0.00   18.44 0.03   17.13 0.02  15.88 0.01  15.24 0.02     4	     xxx
13072005  53565.41  9999  0.00   18.48 0.07   17.39 0.04  16.11 0.03  15.74 0.03     7	     tsv
14072005  53566.49  9999  0.00	 18.52 0.03   17.20 0.03  16.14 0.03  15.83 0.03     7	     tsv
28072005  53580.38  9999  0.00	 18.62 0.08   17.33 0.03  16.27 0.03  15.99 0.12     7	     tsv
04082005  53587.41  9999  0.00	 18.70 0.06   17.53 0.04  16.34 0.03  16.08 0.03     7	     tsv
10082005  53593.40  9999  0.00	 18.75 0.06   17.47 0.05  16.40 0.03  16.19 0.03     7	     tsv
16082005  53599.41  9999  0.00   18.86 0.07   17.59 0.10  16.49 0.03  16.23 0.04     7	     tsv
24082005  53607.37  9999  0.00   18.84 0.13   17.76 0.08  16.65 0.03  16.42 0.03     7	     tsv
28082005  53611.2   20.17 0.03   18.91 0.02   17.78 0.02  16.71 0.01  16.12 0.01     4       xxx
30082005  53613.39  9999  0.00   18.84 0.05   17.77 0.03  16.68 0.03  16.53 0.05     7	     tsv
31082005  53614.49  9999  0.00	 18.67 0.07   17.87 0.05  9999  0.00  16.43 0.09     7	     tsv
07092005  53621.33  9999  0.00	 18.80 0.08   17.95 0.12  16.76 0.04  16.66 0.06     7	     tsv
14092005  53628.1   9999  0.00   19.08 0.03   17.97 0.02  17.03 0.02  16.39 0.02     4       xxx
14092005  53628.39  9999  0.00   18.95 0.06   17.84 0.06  16.81 0.04  16.61 0.05     7	     tsv
03102005  53647.37  9999  0.00   9999  0.00   18.32 0.18  17.15 0.05  9999  0.00     7	     tsv		      
10102005  53654.0   9999  0.00   19.25 0.02   18.24 0.01  17.39 0.02  16.71 0.09     4       xxx
13102005  53657.11  9999  0.00   19.15 0.05   18.32 0.02  17.31 0.02  16.84 0.018    9       mis
14102005  53658.11  9999  0.00   19.15 0.05   18.31 0.02  17.31 0.02  16.84 0.017    9       mis
25102005  53669.0   9999  0.00   19.40 0.02   18.42 0.01  17.48 0.01  16.76 0.02     4       xxx
27102005  53671.06  9999  0.00   19.43 0.04   18.41 0.02  17.50 0.01  9999  0.00     9       mis
29102005  53673.07  9999  0.00   19.45 0.03   18.51 0.02  17.59 0.02  9999  0.00     9       mis 
01112005  53676.36  9999  0.00   19.44 0.06   18.54 0.04  17.54 0.03  17.32 0.13     7	     tsv
02112005  53677.1   9999  0.00   19.48 0.02   18.54 0.02  17.59 0.02  9999  0.00     9       mis
03112005  53677.8   9999  0.00   19.47 0.03   18.56 0.01  17.56 0.01  16.86 0.04     4       xxx
04112005  53679.04  9999  0.00   19.53 0.03   18.55 0.01  17.61 0.02  17.15 0.02     9       mis
05112005  53680.06  20.26 0.07   19.49 0.02   18.59 0.02  17.65 0.01  17.16 0.02     9       mis
06112005  53681.08  20.27 0.08   19.53 0.02   18.61 0.02  17.70 0.01  17.23 0.02     9       mis
07112005  53682.067 9999  0.00   19.54 0.03   18.61 0.02  17.67 0.02  17.21 0.02     9       mis
07112005  53682.26  9999  0.00   19.45 0.05   18.60 0.04  17.63 0.03  17.62 0.14     7	     tsv
09112005  53684.03  9999  0.00	 9999  0.00   18.70 0.03  17.74 0.02  17.20 0.04     9       mis
09112005  53684.26  9999  0.00   19.27 0.09   18.62 0.10  17.71 0.04  9999  0.00     7	     tsv  
22112005  53697.06  9999  0.00	 19.60 0.04   18.78 0.02  17.91 0.02  9999  0.00     9       mis
23112005  53698.06  9999  0.00	 19.62 0.04   18.79 0.02  17.92 0.02  9999  0.00     9       mis
24112005  53699.05  9999  0.00	 19.66 0.03   18.83 0.02  17.96 0.02  9999  0.00     9       mis
03122005  53708.10  9999  0.00	 9999  0.00   18.94 0.03  18.07 0.02  17.54 0.03     9       mis
05122005  53710.07  20.41 0.07   19.80 0.03   18.99 0.01  18.12 0.01  17.66 0.02     9       mis
06122005  53711.04  9999  0.00   19.79 0.02   18.90 0.03  18.16 0.02  17.64 0.04     9       mis
08122005  53713.08  20.66 0.24   19.83 0.04   19.04 0.02  18.15 0.02  17.64 0.03     9       mis
09122005  53714.06  9999  0.00   19.85 0.04   19.03 0.03  18.11 0.02  17.68 0.03     9       mis
18122005  53723.05  9999  0.00   19.11 0.02   18.29 0.01  9999  0.00  9999  0.00     9       mis
19122005  53724.05  9999  0.00   19.11 0.04   9999  0.00  9999  0.00  9999  0.00     9       mis
20122005  53725.07  9999  0.00   19.01 0.02   18.23 0.02  17.73 0.05  9999  0.00     9       mis
21122005  53726.05  9999  0.00   19.14 0.04   18.33 0.02  17.86 0.05  9999  0.00     9       mis
04012006  53738.05  9999  0.00   19.38 0.04   18.59 0.02  9999  0.00  9999  0.00     9       mis    
05012006  53739.06  9999  0.00   20.22 0.099  19.35 0.04  18.58 0.04  9999  0.00     9       mis 
21052006  53876.2   9999  0.00   9999  0.00   21.43 0.04  20.81 0.02  9999  0.00     4	     xxx
30092006  54008.0   9999  0.00   9999  0.00   22.45 0.08  9999  0.00  9999  0.00     4	     xxx									       
08072007  54289.5   9999  0.00   9999  0.00   23.18 0.01  9999  0.00  22.97 0.02     10	     HST_KM
18012008  54484.8   9999  0.00   9999  0.00   23.23 0.02  9999  0.00  22.80 0.04     10	     HST_KM       
_____________________________________________________________________________________________________________________
JHK	  JD_max	53330.7  2.0	53334.8  2.0	53330.7  2.0
          m_max	        11.43	0.0	11.0610	0.0	10.8438 0.0
  Date    JD         	J   	   	H    		    K         S     Inst
30092004  53278.8  11.8860  0.0376  11.5816  0.0495  11.3338 0.0522   4	    xxx
01102004  53279.8  11.9445  0.0351  11.5521  0.0623  11.2995 0.0530   4	    xxx
02102004  53280.9  11.9300  0.0470  11.5392  0.0604  9999    0.00     4	    xxx
03102004  53281.9  11.8456  0.0358  11.4841  0.0526  11.3220 0.0535   4	    xxx
05102004  53283.9  11.7871  0.0378  11.4584  0.0494  11.2692 0.0530   4	    xxx
07102004  53285.8  11.7581  0.0389  11.4402  0.0644  11.1946 0.0607   4	    xxx
08102004  53286.8  11.7363  0.0412  11.4026  0.0564  11.1603 0.0612   4	    xxx
09102004  53287.7  11.8111  0.0377  11.3744  0.0997  11.0343 0.0786   4	    xxx
18102004  53296.9  11.6401  0.0403  11.3648  0.0812  10.9185 0.0839   4	    xxx
20102004  53298.8  11.5865  0.0469  11.2515  0.0576  10.9712 0.0660   4	    xxx
22102004  53300.8  11.5982  0.0367  11.1775  0.0799  10.9596 0.0568   4	    xxx
23102004  53301.8  11.5418  0.0463  11.2160  0.0803  11.0291 0.0560   4	    xxx
27102004  53305.8  11.5534  0.0337  11.1788  0.0541  10.9614 0.0517   4	    xxx
17112004  53326.8  11.4200  0.0504  11.0713  0.0517  10.9283 0.0541   4	    xxx
18112004  53327.9  11.4399  0.0388  11.0819  0.0475  10.8760 0.0518   4	    xxx
20112004  53329.7  11.4423  0.0417  11.0889  0.0497  10.8796 0.0493   4	    xxx 
21112004  53330.7  11.4305  0.0449  11.0695  0.0503  10.8438 0.0517   4	    xxx
23112004  53332.8  11.4775  0.0352  11.1214  0.0513  10.8864 0.0517   4	    xxx
25112004  53334.8  11.4466  0.0398  11.0610  0.0391  10.8666 0.0523   4	    xxx
07122004  53346.7  11.4717  0.0458  11.1061  0.0816  9999    0.00     4	    xxx
13122004  53352.9  11.4280  0.0407  11.0814  0.0532  10.8561 0.0526   4	    xxx
15122004  53354.7  11.4600  0.0365  11.0768  0.0530  9999    0.00     4	    xxx
04012005  53374.7  11.6375  0.0374  11.2937  0.0525  11.0771 0.0520   4	    xxx
10012005  53380.8  11.6906  0.0468  11.3552  0.0436  11.1633 0.0521   4	    xxx
03022005  53404.7  13.2126  0.0386  12.8262  0.0618  9999    0.00     4	    xxx
10022005  53411.7  13.3718  0.0393  13.0632  0.0750  9999    0.00     4     xxx
24072005  53576.6  15.36    0.14    15.69    0.12    15.50   0.16     8     xxx
#21092006  54000.0  16.0472  0.2300  9999     0.00    9999    0.00     4     xxx
#############################################################################################################
# 1= 
# 4= 
# 9=
# 10= HST_KM still in vegamag for flight system filters of HST (not converted F606W, F814W)
# 
#
# last update K.M. 09/06/09
#
