2005cs  IIfaint  jd_expl= 53549.
 NGC5194     ABg= 0.205 .04  ABi= 0.00 .00  mu= 29.26 0.33 (Takats & Vinko)
________________________________________________________________________________________________
UBVRIz  JD_MAX   53549  .0  53549  .0 53549 .0  53549 .0  53549 .0  53549 .0
        mmax    13.4  .0  14.4   .0  14.4   .0  14.4   .0  14.4   .0   14.4   .0
  Date    JD          U            B            V            R           I            Z           S  notes
 xxxxxxxx 53549.     9999  0.000  30.   0.000 30.    0.000  30.   0.000  9999  0.000  9999  0.000 111
#
#
# 23/04/05 53483.589  9999  0.000  9999  0.000 19.75  0.000  9999  0.000  9999  0.000  9999  0.000 -1
# 15.20/6  53536.7    9999 .00     9999   .00   9999   .00  19.0    .00   9999   .00   9999   .00  -10 IAUC8553,unf,Li
# 19/06/05 53540.548  9999 .00     9999   .00   9999   .00  17.00   .00   9999   .00   9999   .00 -14 CR Uhl
# 20.60/6  53542.1    9999 .00     9999   .00   9999   .00  17.0    .00   9999   .00   9999   .00  -10 IAUC8553,unf,Yamag
# 25/06/05 53547.443  9999 .00     9999   .00   9999   .00  18.43   .00   9999   .00   9999   .00 -13 CR Mcdonnell
# 26/06/05 53548.375  9999 .00     9999   .00   9999   .00   9999   .00  15.73   .00   9999   .00 -15 Unf. Marchetti
# 26/06/05 53548.39   9999  0.000 17.3    0.0  17.7   0.0   17.6    0.0   9999  0.000  9999  0.000 -9  NCO    
# 26/06/05 53548.434  9999 .00     9999   .00   9999   .00  19.68   .00   9999   .00   9999   .00 -10 C from Fiedler 
 27/06/05 53549.410  9999 .00    16.728  .122  9999   .00   9999   .00   9999   .00   9999   .00  10 B from Fiedler
 27/06/05 53549.417  9999 .00     9999   .00  16.367 0.330  9999   .00   9999   .00   9999   .00  10 CV from Marek
 27/06/05 53549.428  9999 .00     9999   .00   9999   .00  16.301  .073  9999   .00   9999   .00  12 CR from Birtwhistle     
 27/06/05 53549.433  9999 .00     9999   .00  16.250 0.161  9999   .00   9999   .00   9999   .00  11 CV from Kloehr 
 27/06/05 53549.438  9999 .00     9999   .00   9999   .00  16.302  .086  9999   .00   9999   .00  12 CR from Birtwhistle     
 27/06/05 53549.449  9999 .00    16.375  .145  9999   .00   9999   .00   9999   .00   9999   .00  10 B from Fiedler
 27/06/05 53549.457  9999 .00    16.319  .153  9999   .00   9999   .00   9999   .00   9999   .00  10 B from Fiedler
 27/06/05 53549.463  9999 .00     9999   .00  16.224 0.278  9999   .00   9999   .00   9999   .00  10 CV from Marek
 27/06/05 53549.492  9999 .00     9999   .00   9999   .00  16.214  .154  9999   .00   9999   .00  10 CR from Bietola
 28/06/05 53550.415  9999 .00    14.677  .124  9999   .00   9999   .00   9999   .00   9999   .00  10 B from Fiedler
 28/06/05 53550.423  9999 .00    14.654  .148  9999   .00   9999   .00   9999   .00   9999   .00  10 B from Fiedler
 28/06/05 53550.428  9999 .00     9999   .00  14.872 0.150  9999   .00   9999   .00   9999   .00  11 CV from Kloehr 
 30/06/05 53551.506  9999 .00     9999   .00   9999   .00  14.475  .170  9999   .00   9999   .00  10 CR from Bietola
 30/06/05 53551.984  9999 .00     9999   .00   9999   .00  14.464  .330  9999   .00   9999   .00  17 CR from Itagaki
 30/06/05 53552.364 13.460 0.008 14.393 0.009 14.496 0.011 14.459 0.016 14.455 0.016  9999  0.000  6 stefREDU
 30/06/05 53552.365  9999 .00     9999   .00  14.499 0.150  9999   .00   9999   .00   9999   .00  16 CV from Corelli  
 30/06/05 53552.440  9999 .00     9999   .00  14.493 0.222  9999   .00   9999   .00   9999   .00  18 CV from Scarmato
 30/06/05 53552.460  9999 .00     9999   .00  14.491 0.165  9999   .00   9999   .00   9999   .00  11 CV from Kloehr 
 30/06/05 53552.463  9999 .00     9999   .00  14.495 0.174  9999   .00   9999   .00   9999   .00  11 CV from Kloehr 
 01/07/05 53552.559  9999 .00     9999   .00  14.498 0.155  9999   .00   9999   .00   9999   .00  11 CV from Kloehr
 01/07/05 53553.35  13.448 0.012 14.410 0.023 14.531 0.026 14.435 0.018 14.369 0.028  9999  0.000  5
 01/07/05 53553.460  9999 .00     9999   .00  14.527 0.169  9999   .00   9999   .00   9999   .00  16 CV form Corelli 
 02/07/05 53554.460  9999 .00     9999   .00  14.538 0.146  9999   .00   9999   .00   9999   .00  18 CV from Scarmato
 02/07/05 53554.46  13.573 0.014 14.470 0.020 14.541 0.010 14.460 0.017 14.336 0.012  9999  0.000  5           
 03/07/05 53555.443  9999 .00     9999   .00  14.539 0.085  9999   .00   9999   .00   9999   .00  18 CV from Scarmato
 03/07/05 53555.482  9999 .00     9999   .00  14.552 0.046  9999   .00   9999   .00   9999   .00  11 CV from Kloehr
 03/07/05 53555.487  9999  0.000 14.488 0.015 14.541 0.008 14.380 0.009  9999  0.000  9999  0.000  1 V temp_sub 
 05/07/05 53557.42   9999  0.000 14.553 0.026 14.549 0.027 14.396 0.024 14.333 0.056  9999  0.000  5 
 05/07/05 53557.443  9999  0.000  9999  0.000 14.497 0.016 14.375 0.008  9999  0.000  9999  0.000  1 V temp_sub
 06/07/05 53557.836 13.997 0.018 14.580 0.029 14.578 0.019 14.350 0.018 14.462 0.012  9999  0.000  7
 06/07/05 53558.440  9999 .00     9999   .00   9999   .00  14.334 0.130  9999   .00   9999   .00  12 CR from Birtwhistle
 07/07/05 53559.40   9999  0.000 14.624 0.024 14.575 0.083 14.393 0.080 14.359 0.105  9999  0.000  8
 08/07/05 53560.424  9999 .00     9999   .00   9999   .00  14.358 0.121  9999   .00   9999   .00  12 CR from Birtwhistle
 08/07/05 53560.483  9999 .00     9999   .00  14.586 0.086  9999   .00   9999   .00   9999   .00  11 CV from Kloehr
 09/07/05 53561.425  9999 .00     9999   .00  14.588 0.075  9999   .00   9999   .00   9999   .00  11 CV from Kloehr
 10/07/05 53562.425  9999  0.000 14.829 0.012  9999  0.000  9999  0.000  9999  0.000  9999  0.000  3 
 10/07/05 53562.466  9999 .00     9999   .00  14.600 0.093  9999   .00   9999   .00   9999   .00  11 CV from Kloehr
 11/07/05 53563.38  14.735 0.008 14.904 0.006 14.603 0.007 14.355 0.008 14.229 0.008  9999  0.000  5
 11/07/05 53563.42  14.750 0.011 14.911 0.010 14.575 0.009 14.355 0.011 14.251 0.013  9999  0.000  4
 12/07/05 53564.442  9999 .00     9999   .00  14.593 0.082  9999   .00   9999   .00   9999   .00  11 CV from Kloehr
 13/07/05 53565.38  15.292 0.030 15.046 0.020 14.652 0.013 14.360 0.014 14.287 0.018 14.215 0.020  3
 13/07/05 53565.427  9999 .00     9999   .00  14.628 0.107  9999   .00   9999   .00   9999   .00  11 CV from Kloehr
 13/07/05 53565.448  9999  0.000 15.056 0.014 14.648 0.011 14.368 0.021  9999  0.000  9999  0.000  1 V temp_sub
 14/07/05 53566.36  15.263 0.012 15.115 0.010 14.684 0.010 14.389 0.018 14.229 0.013  9999  0.000  5
 14/07/05 53566.40   9999  0.000 15.092 0.025 14.666 0.027 14.380 0.016 14.282 0.025  9999  0.000  8
 14/07/05 53566.465  9999 .00     9999   .00  14.662 0.071  9999   .00   9999   .00   9999   .00  11 CV from Kloehr
 15/07/05 53567.463  9999 .00     9999   .00  14.692 0.239  9999   .00   9999   .00   9999   .00  11 CV from Kloehr
 17/07/05 53569.402  9999 .00     9999   .00  14.731 0.073  9999   .00   9999   .00   9999   .00  11 CV from Kloehr
 17/07/05 53569.415 15.994 0.034 15.345 0.017 14.723 0.019 14.382 0.016 14.273 0.022 14.192 0.021  3
 19/07/05 53571.40   9999  0.000 15.374 0.025 14.724 0.020 14.454 0.019 14.258 0.028  9999  0.000  8 poor
 19/07/05 53571.453  9999 .00     9999   .00  14.724 0.241  9999   .00   9999   .00   9999   .00  11 CV from Kloehr
 20/07/05 53572.40   9999  0.000 15.389 0.037 14.723 0.027 14.447 0.020 14.282 0.019  9999  0.000  8
 20/07/05 53572.406  9999 .00     9999   .00  14.724 0.148  9999   .00   9999   .00   9999   .00  11 CV from Kloehr
 25/07/05 53577.4    9999  0.000 15.489 0.078 14.746 0.039 14.327 0.059 14.239 0.045  9999  0.000  8
 27/07/05 53579.4    9999  0.000 15.605 0.046 14.754 0.037 14.394 0.030 14.167 0.025  9999  0.000  8
 31/07/05 53583.39  16.741 0.065 15.758 0.022 14.750 0.015 14.334 0.014 14.118 0.013  9999  0.000  4
 31/07/05 53583.47  16.746 0.077 15.768 0.037 14.755 0.012 14.325 0.012 14.164 0.012 13.999 0.011  3
 02/08/05 53585.380  9999  0.000 15.772 0.075 14.753 0.064 14.327 0.038 14.099 0.026  9999  0.000  2
 02/08/05 53585.398  9999  0.000 15.798 0.009 14.764 0.008 14.328 0.006 14.129 0.008  9999  0.000  3 ph!
 03/08/05 53586.425 16.940 0.048 15.839 0.014 14.750 0.012 14.271 0.010 14.089 0.010 13.956 0.010  3 
 05/08/05 53588.381  9999  0.000 15.850 0.017 14.769 0.010 14.267 0.006 14.096 0.007  9999  0.000  3
 06/08/05 53589.376 17.040 0.093 15.890 0.015 14.767 0.009 14.263 0.008 14.094 0.010 13.930 0.010  3 ph
 10/08/05 53593.424 17.166 0.184 15.934 0.018 14.784 0.015 14.285 0.011 13.962 0.010  9999  0.000  4 ph
 12/08/05 53595.387  9999  0.000 15.969 0.021 14.778 0.010 14.241 0.012 14.009 0.008  9999  0.000  3 ph
 12/08/05 53595.392 17.244 0.077 15.960 0.012 14.776 0.010 14.241 0.011 13.983 0.009 13.847 0.010  3 ph
 16/08/05 53599.436  9999  0.000 16.009 0.037 14.772 0.013 14.211 0.004 13.967 0.004  9999  0.000  3
 17/08/05 53600.414  9999  0.000 16.012 0.035 14.768 0.006 14.206 0.020  9999  0.000  9999  0.000  1 V temp_sub
 22/08/05 53605.347  9999  0.000 16.088 0.061 14.745 0.019 14.198 0.021 13.946 0.020 13.774 0.017  3
 22/08/05 53605.419  9999  0.000 16.095 0.026 14.761 0.014 14.198 0.010 13.922 0.010  9999  0.000  3
 23/08/05 53606.416  9999  0.000 16.110 0.034 14.771 0.009 14.164 0.011 13.886 0.009  9999  0.000  3
 27/08/05 53610.341 17.601 0.210 16.105 0.029 14.734 0.011 14.139 0.009 13.906 0.010 13.729 0.008  3 U limit
 27/08/05 53610.373  9999  0.000 16.102 0.019 14.724 0.008 14.150 0.008 13.903 0.008  9999  0.000  3
 27/08/05 53610.396 17.586 0.102 16.070 0.018 14.793 0.015 14.181 0.015 13.944 0.015  9999  0.000  4
 30/08/05 53613.341  9999  0.000 16.099 0.078 14.730 0.028 14.149 0.030 13.838 0.023 13.687 0.024  3 poor!
 30/08/05 53613.354  9999  0.000 16.107 0.047 14.732 0.012 14.122 0.010 13.886 0.023  9999  0.000  3 poor!
 01/09/05 53615.330  9999  0.000 16.116 0.026 14.752 0.018 14.122 0.011  9999  0.000  9999  0.000  1 V temp_sub
 01/09/05 53615.353  9999  0.000 16.128 0.034 14.765 0.016 14.128 0.012 13.874 0.012  9999  0.000  3
 03/09/05 53617.351 17.636 0.190 16.140 0.034 14.768 0.013 14.171 0.015 13.840 0.018 13.670 0.013  3	
 05/09/05 53619.350 17.669 0.270 16.138 0.035 14.778 0.016 14.155 0.011 13.853 0.013 13.681 0.016  3	
 14/09/05 53628.351 17.718 0.300 16.194 0.039 14.838 0.011 14.110 0.010 13.801 0.009 13.641 0.014  3
 10/10/05 53654.259  9999  0.000 16.574 0.230  9999  0.000  9999  0.000 13.942 0.041  9999  0.000  5 poor!
 11/10/05 53655.284  9999  0.000 16.608 0.237 15.109 0.076  9999  0.000 13.959 0.024  9999  0.000  5 poor!
 16/10/05 53660.277  9999  0.000 16.815 0.027 15.156 0.041 14.430 0.007  9999  0.000  9999  0.000  1 Vtemp_sub
 16/10/05 53660.314  9999  0.000 16.822 0.092  9999  0.000  9999  0.000  9999  0.000  9999  0.000  1
 18/10/05 53662.261  9999  0.000 16.872 0.122 15.218 0.013 14.488 0.009  9999  0.000  9999  0.000  1 temp_sub
 28/10/05 53671.673  9999  0.000 18.099 0.110 16.055 0.049 15.067 0.012  9999  0.000  9999  0.000  1 Vtemp_sub
 29/10/05 53672.680  9999  0.000 18.450 0.033 16.260 0.045 15.134 0.030 14.576 0.021  9999  0.000  5
# 04/11/05 53678.644  9999  0.000 19.601 0.500  9999  0.000  9999  0.000  9999  0.000  9999  0.000 -1 temp_sub_nothing!!!
 04/11/05 53678.644  9999  0.000  9999  0.000 18.825 0.280 17.419 0.042  9999  0.000  9999  0.000  1 temp_sub
# 05/11/05 53679.767 19.926 0.200  9999  0.000  9999  0.000  9999  0.000  9999  0.000  9999  0.000 -3
 05/11/05 53679.767  9999  0.000 21.053 0.290 18.870 0.176 17.483 0.089 16.673 0.078 15.943 0.280  3 temp_sub!POOR!
# 07/11/05 53681.759 18.675 0.380 19.342 0.330  9999  0.000  9999  0.000  9999  0.000  9999  0.000 -3 limits!SN_not_visible!!!
 07/11/05 53681.759  9999  0.000  9999  0.000 18.864 0.330 17.422 0.122 16.656 0.044 15.916 0.104  3 temp_sub!POOR!
 08/11/05 53682.646  9999  0.000  9999  0.000 18.929 0.086 17.441 0.040  9999  0.000  9999  0.000  5 temp_sub!
 09/11/05 53683.695  9999  0.000 21.132 0.290 19.063 0.067 17.460 0.042  9999  0.000  9999  0.000  5 temp_sub!
# 09/11/05 53683.760 18.207 0.300  9999  0.000  9999  0.000  9999  0.000  9999  0.000  9999  0.000 -3 temp_sub!poor!!!
 09/11/05 53683.760  9999  0.000  9999  0.000  9999  0.000 17.530 0.032  9999  0.000  9999  0.000  3 temp_sub!poor!!!
 11/11/05 53685.766  9999  0.000  9999  0.000 19.256 0.160 17.547 0.052  9999  0.000  9999  0.000  3 temp_sub!poor!!!
 13/11/05 53687.775  9999  0.000  9999  0.000  9999  0.000 17.556 0.088  9999  0.000  9999  0.000  3 temp_sub!
 25/11/05 53699.723  9999  0.000 21.393 0.530 19.280 0.440 17.859 0.103 16.984 0.193 16.204 0.420  3 temp_sub!poor!!!
 02/12/05 53706.710  9999  0.000 21.511 0.340 19.448 0.075 18.007 0.024  9999  0.000  9999  0.000  1 temp_sub
 03/12/05 53707.738  9999  0.000  9999  0.000 19.429 0.120  9999  0.000 17.096 0.061  9999  0.000  3 temp_sub!poor!
 03/12/05 53707.747  9999  0.000 21.562 0.470 19.435 0.095  9999  0.000 17.051 0.163 16.196 0.450  3 temp_sub!poor!
 05/12/05 53709.740  9999  0.000 21.545 0.244 19.433 0.174 17.875 0.045 17.062 0.095 16.285 0.051  3 temp_sub!poor!!
 12/12/05 53715.566  9999  0.000 21.636 0.430  9999  0.000 17.871 0.148 17.195 0.095  9999  0.000  5
# 14/12/05 53718.687  9999  0.000 20.336 0.210  9999  0.000  9999  0.000  9999 0.000   9999  0.000 -3 photometric!
 14/12/05 53718.687  9999  0.000  9999  0.000 19.524 0.102 17.959 0.042 17.191 0.048  9999  0.000  3 photometric!
 22/12/05 53725.716  9999  0.000 21.632 0.350 19.542 0.115  9999  0.000 17.261 0.063  9999  0.000  5
 27/12/05 53731.637  9999  0.000  9999  0.000 19.563 0.220 18.077 0.078 17.237 0.047  9999  0.000  3 temp_subI!VR_psf_fitting
 31/12/05 53735.623  9999  0.000  9999  0.000 19.577 0.184 18.130 0.122 17.290 0.032  9999  0.000  3 psf_fitting_strongextr.
 15/01/06 53750.744  9999  0.000  9999  0.000 19.479 0.220  9999  0.000  9999  0.000  9999  0.000  1 temp_sub!
# 03/02/06 53769.536  9999  0.000 20.295 0.368  9999  0.000  9999  0.000  9999  0.000  9999  0.000 -3 nothing_visible_temp_sub!!! 
 03/02/06 53769.715  9999  0.000  9999  0.000 19.525 0.079  9999  0.000  9999  0.000  9999  0.000  1 temp_sub!
 04/02/06 53770.567  9999  0.000  9999  0.000 19.610 0.044 18.380 0.111 17.523 0.038  9999  0.000  3 temp_sub!
 08/02/06 53774.626  9999  0.000 21.774 0.250 19.613 0.102 18.550 0.043 17.645 0.081  9999  0.000  5 temp_sub!
 20/02/06 53786.568  9999  0.000  9999  0.000 19.642 0.052 18.578 0.136 17.749 0.052  9999  0.000  3 temp_sub!
 06/03/06 53800.574  9999  0.000  9999  0.000 19.708 0.420 18.604 0.053 17.879 0.310  9999  0.000  3 temp_sub!POOR!
 19/03/06 53814.461  9999  0.000 21.823 0.210  9999  0.000  9999  0.000  9999  0.000  9999  0.000  3 temp_sub!
 20/03/06 53815.451  9999  0.000  9999  0.000 19.707 0.100 18.605 0.034 17.880 0.082  9999  0.000  3 temp_sub!
 24/03/06 53818.626  9999  0.000  9999  0.000 19.727 0.046 18.630 0.034 17.920 0.090  9999  0.000  4 temp_sub!
 04/04/06 53830.458  9999  0.000  9999  0.000 19.808 0.094 18.667 0.041 17.951 0.036  9999  0.000  3 temp_sub!
 19/04/06 53845.401  9999  0.000  9999  0.000 19.896 0.046 18.757 0.063 18.023 0.039  9999  0.000  3 temp_sub!
 03/05/06 53859.418  9999  0.000 22.033 0.320  9999  0.000  9999  0.000  9999  0.000  9999  0.000  3 temp_sub!
 04/05/06 53860.410  9999  0.000  9999  0.000 20.001 0.087 18.964 0.064 18.182 0.058  9999  0.000  3 temp_sub!
 15/05/06 53871.670  9999  0.000  9999  0.000 20.128 0.119 18.983 0.225 18.217 0.110  9999  0.000  3 temp_sub!
 17/06/06 53904.512  9999  0.000  9999  0.000 20.355 0.081 19.437 0.091 18.545 0.050  9999  0.000  3 temp_sub!
 09/07/06 53926.427  9999  0.000  9999  0.000 20.679 0.200 19.505 0.280 18.967 0.240  9999  0.000  3 temp_sub! 
############################################################## errore misura incluso!!!
 1x 53555.33  9999 .00 14.45 .02 14.45 .02 14.30 .02 14.37 .05  9999 .00  20  none
 1x 53558.32  9999 .00 14.57 .02 14.54 .02 14.34 .02 14.29 .03  9999 .00  20  none
 1x 53561.32  9999 .00 14.74 .02 14.50 .02 14.26 .02 14.25 .03  9999 .00  20  none
 1x 53563.30  9999 .00  9999 .00 14.50 .02  9999 .00  9999 .00  9999 .00  20  none
 1x 53564.29  9999 .00 14.92 .02 14.50 .02 14.32 .02 14.20 .03  9999 .00  20  none
 1x 53565.36  9999 .00 15.08 .05 14.65 .04 14.42 .04 14.29 .06  9999 .00  20  none
 1x 53566.33 15.36 .06 15.19 .02 14.63 .02 14.39 .02 14.32 .03  9999 .00  20  none
 1x 53567.29  9999 .00 15.13 .03 14.60 .02 14.34 .02 14.23 .03  9999 .00  20  none
 1x 53571.29  9999 .00 15.40 .02 14.72 .02 14.43 .02 14.27 .03  9999 .00  20  none
 1x 53571.40  9999 .00 15.34 .02 14.72 .02 14.38 .04 14.22 .04  9999 .00  20  none
 1x 53580.32  9999 .00 15.69 .05 14.73 .03 14.42 .03 14.20 .04  9999 .00  20  none
 1x 53587.31  9999 .00 15.77 .05 14.72 .03 14.31 .02 14.08 .03  9999 .00  20  none
 1x 53593.31  9999 .00 15.82 .03 14.72 .03 14.28 .02 14.03 .03  9999 .00  20  none
 1x 53607.34  9999 .00 15.89 .06 14.63 .12 14.15 .07 13.89 .08  9999 .00  20  none
 1x 53612.29  9999 .00 16.08 .03 14.74 .02 14.14 .02 13.87 .05  9999 .00  20  none
 1x 53613.36  9999 .00  9999 .00 14.63 .06 14.14 .05 13.84 .13  9999 .00  20  none
 1x 53618.28  9999 .00 15.99 .06 14.71 .05 14.16 .03  9999 .00  9999 .00  20  none
 1x 53620.25  9999 .00  9999 .00 14.68 .03 14.12 .02 13.83 .04  9999 .00  20  none
 1x 53621.25  9999 .00 16.15 .08 14.84 .07 14.15 .03 13.80 .06  9999 .00  20  none
 1x 53628.25  9999 .00 16.11 .04 14.79 .04 14.17 .04 13.83 .05  9999 .00  20  none
 1x 53644.19  9999 .00 16.53 .19 14.96 .11 14.29 .05 13.96 .10  9999 .00  20  none
 1x 53653.24  9999 .00 16.37 .13 15.04 .11 14.39 .08 14.03 .12  9999 .00  20  none
#x 53683.63  9999 .00  9999 .00 17.91 .15 17.20 .11 16.58 .09  9999 .00 20 none
#x 53687.60  9999 .00  9999 .00 17.77 .19 17.22 .14  9999 .00  9999 .00 20 none
#x 53804.56  9999 .00  9999 .00 18.62 .18 17.81 .11  9999 .00  9999 .00 20 none
#x 53831.43  9999 .00  9999 .00 18.41 .11 18.07 .10  9999 .00  9999 .00 20 none
#x 53850.46  9999 .00  9999 .00 18.59 .15 18.30 .09 17.62 .14  9999 .00 20  none
##############################################################################
# swift V band
  a      53552.4    9999  0.00   9999 0.00   14.55  0.04  9999 0.00  9999 0.00  9999 0.00  9 none
  a      53555.1    9999  0.00   9999 0.00   14.47  0.10  9999 0.00  9999 0.00  9999 0.00  9 none  
  a      53557.3    9999  0.00   9999 0.00   14.53  0.04  9999 0.00  9999 0.00  9999 0.00  9 none  
  a      53557.9    9999  0.00   9999 0.00   14.55  0.06  9999 0.00  9999 0.00  9999 0.00  9 none  
  a      53558.8    9999  0.00   9999 0.00   14.65  0.04  9999 0.00  9999 0.00  9999 0.00  9 none
  a      53560.0    9999  0.00   9999 0.00   14.57  0.04  9999 0.00  9999 0.00  9999 0.00  9 none
  a      53560.6    9999  0.00   9999 0.00   14.58  0.06  9999 0.00  9999 0.00  9999 0.00  9 none
  a      53562.0    9999  0.00   9999 0.00   14.55  0.06  9999 0.00  9999 0.00  9999 0.00  9 none
  a      53562.8    9999  0.00   9999 0.00   14.63  0.06  9999 0.00  9999 0.00  9999 0.00  9 none
  a      53565.0    9999  0.00   9999 0.00   14.55  0.08  9999 0.00  9999 0.00  9999 0.00  9 none
  a      53567.0    9999  0.00   9999 0.00   14.65  0.05  9999 0.00  9999 0.00  9999 0.00  9 none
  a      53571.0    9999  0.00   9999 0.00   14.73  0.08  9999 0.00  9999 0.00  9999 0.00  9 none
  a      53573.5    9999  0.00   9999 0.00   14.76  0.09  9999 0.00  9999 0.00  9999 0.00  9 none
  a      53628.5    9999  0.00   9999 0.00   14.86  0.03  9999 0.00  9999 0.00  9999 0.00  9 none
############################################################## 
# IR data:
____________________________________________________________________________________________________________
JHKSDA     JD_max     53549.0  2.0    53549.1  2.0    53549.0  2.0    53549.9  2.0    53549.1  2.0    53549.0  2.0
          m_max        14.4   0.0     14.4   0.0     14.4    0.0     13.4     0.0     13.4    0.0     13.4    0.0
  Date          JD              J         H              K        W2        M2          W1      S  Inst
 02/07/05  53554.379  14.434 0.052  14.170 0.031   9999 0.000  9999 0.00  9999 0.00  9999 0.00  1  CI
 11/07/05  53563.410  14.202 0.075  13.813 0.068 13.848 0.085  9999 0.00  9999 0.00  9999 0.00  1  CI
 21/07/05  53573.389  13.980 0.022  13.742 0.045   9999 0.000  9999 0.00  9999 0.00  9999 0.00  1  CI
 22/07/05  53574.446    9999 0.000    9999 0.000 13.637 0.073  9999 0.00  9999 0.00  9999 0.00  1  CI 
 24/07/05  53575.531  13.910 0.022  13.690 0.013 13.621 0.022  9999 0.00  9999 0.00  9999 0.00  2  NICS
 27/07/05  53579.438  13.901 0.028  13.668 0.039 13.652 0.109  9999 0.00  9999 0.00  9999 0.00  1  CI 
 28/07/05  53580.398  13.887 0.028  13.699 0.105 13.623 0.157  9999 0.00  9999 0.00  9999 0.00  1  CI 
 01/08/05  53584.417  13.843 0.031  13.626 0.037 13.557 0.065  9999 0.00  9999 0.00  9999 0.00  1  CI 
 02/08/05  53585.333  13.814 0.027  13.608 0.058 13.549 0.160  9999 0.00  9999 0.00  9999 0.00  1  CI 
 08/08/05  53591.357  13.717 0.057  13.507 0.039 13.398 0.058  9999 0.00  9999 0.00  9999 0.00  1  CI 
 23/08/05  53606.330  13.553 0.022  13.392 0.023 13.287 0.028  9999 0.00  9999 0.00  9999 0.00  1  CI
 27/08/05  53610.376  13.521 0.008  13.357 0.019 13.242 0.039  9999 0.00  9999 0.00  9999 0.00  2  NICS
 29/08/05  53612.324  13.515 0.013  13.352 0.018   9999 0.000  9999 0.00  9999 0.00  9999 0.00  1  CI
 30/08/05  53613.324    9999 0.000    9999 0.000 13.256 0.031  9999 0.00  9999 0.00  9999 0.00  1  CI
 10/09/05  53624.309  13.500 0.018  13.251 0.028   9999 0.000  9999 0.00  9999 0.00  9999 0.00  1  CI 
 12/09/05  53626.263  13.474 0.033  13.249 0.029 13.240 0.037  9999 0.00  9999 0.00  9999 0.00  1  CI 
 15/09/05  53629.291  13.463 0.058  13.258 0.041 13.186 0.029  9999 0.00  9999 0.00  9999 0.00  1  CI 
 26/09/05  53640.273  13.517 0.019  13.257 0.046 13.140 0.039  9999 0.00  9999 0.00  9999 0.00  1  CI
 28/09/05  53642.277  13.530 0.032  13.228 0.053 13.159 0.030  9999 0.00  9999 0.00  9999 0.00  1  CI
 14/02/06  53781.484  17.222 0.220    9999 0.000 16.452 0.380  9999 0.00  9999 0.00  9999 0.00  1  CI
 24/03/06  53818.736  17.621 0.137  17.354 0.169 17.119 0.119  9999 0.00  9999 0.00  9999 0.00  1  NICS
 26/11/06  54065.672  18.114 0.320  17.809 0.450   9999 0.000  9999 0.00  9999 0.00  9999 0.00  1  CI
 01/12/06  54070.663  18.129 0.310   9999  0.000   9999 0.000  9999 0.00  9999 0.00  9999 0.00  1  CI
 02/12/06  54071.663   9999  0.000   9999  0.000 17.428 0.320  9999 0.00  9999 0.00  9999 0.00  1  CI
####################################################################
    a      53552.4    9999  0.00   9999 0.00   9999 0.00  13.46  0.06  13.01  0.10  12.89  0.02  9 none
    a      53555.1    9999  0.00   9999 0.00   9999 0.00  14.43  0.06   9999  0.00   9999  0.00  9 none
    a      53557.3    9999  0.00   9999 0.00   9999 0.00  15.02  0.06  14.97  0.10   9999  0.00  9 none
    a      53557.9    9999  0.00   9999 0.00   9999 0.00  15.22  0.06  15.20  0.10  14.52  0.03  9 none
    a      53558.8    9999  0.00   9999 0.00   9999 0.00  15.75  0.07  15.62  0.11  14.80  0.03  9 none
    a      53560.0    9999  0.00   9999 0.00   9999 0.00  16.02  0.07  16.04  0.11  15.23  0.03  9 none
    a      53560.6    9999  0.00   9999 0.00   9999 0.00  16.26  0.07  16.14  0.11  15.43  0.04  9 none
    a      53562.0    9999  0.00   9999 0.00   9999 0.00  16.33  0.07  16.26  0.11  15.72  0.04  9 none
    a      53562.8    9999  0.00   9999 0.00   9999 0.00  16.62  0.08  16.22  0.11  15.78  0.05  9 none
    a      53565.0    9999  0.00   9999 0.00   9999 0.00  16.46  0.08  16.36  0.12  15.94  0.06  9 none
    a      53567.0    9999  0.00   9999 0.00   9999 0.00  16.50  0.07  16.24  0.11  15.94  0.04  9 none
    a      53571.0    9999  0.00   9999 0.00   9999 0.00  16.62  0.08  16.49  0.12  16.11  0.05  9 none
    a      53573.5    9999  0.00   9999 0.00   9999 0.00  16.50  0.08  16.32  0.12  16.23  0.06  9 none
#    a      53628.5    9999  0.00   9999 0.00   9999 0.00  16.67  0.07  16.39  0.11  16.44  0.04  9 none
####################################################################
# 1 Weldenstein + Monica							     
# 2 Loiano 1.52m + BFOSC							     
# 3 Liverpool Telescope 							     
# 4 TNG + Dolores
# 5 Ekar 1.82m + AFOSC
# 6 2.2mCAHA + CAFOS 
# 7 Subaru + FOCAS
# 8 TNT + camera
# 9 swift
#20 Tsvetkov
############################################################## 
#  optical data without template subtraction
#18/10/05 53662.261  9999  0.000 16.872 0.078 15.218 0.012 14.488 0.009  9999  0.000  9999  0.000  1
#29/10/05 53672.680  9999  0.000 18.028 0.233 16.364 0.086 15.425 0.051 14.895 0.021  9999  0.000  5
#04/11/05 53678.644  9999  0.000 18.779 0.120 18.278 0.280 17.279 0.050  9999  0.000  9999  0.000  1
#05/11/05 53679.767  9999  0.000 18.798 0.192 18.379 0.183 17.245 0.068 16.618 0.059 15.943 0.242  3
#07/11/05 53681.759 18.156 0.119 18.855 0.196 18.325 0.106 17.125 0.118 16.511 0.044 15.950 0.091  3 POOR!
#08/11/05 53682.646  9999  0.000  9999  0.000 18.500 0.144 17.262 0.104  9999  0.000  9999  0.000  5
#09/11/05 53683.695  9999  0.000 19.155 0.241 18.584 0.148 17.384 0.152  9999  0.000  9999  0.000  5
#09/11/05 53683.760  9999  0.000  9999  0.000  9999  0.000 17.264 0.082  9999  0.000  9999  0.000  3 poor!!!
#11/11/05 53685.766  9999  0.000  9999  0.000 18.397 0.213 17.410 0.092  9999  0.000  9999  0.000  3 poor!!!
#13/11/05 53687.775  9999  0.000  9999  0.000  9999  0.000 17.453 0.158  9999  0.000  9999  0.000  3 
#25/11/05 53699.723  9999  0.000 19.120 0.290 18.897 0.320 17.612 0.190 16.423 0.230 16.204 0.420  3 poor!!!
#02/12/05 53706.710  9999  0.000 19.942 0.259 19.104 0.248 17.900 0.232  9999  0.000  9999  0.000  1 #Wrong
#03/12/05 53707.738  9999  0.000  9999  0.000 18.640 0.290  9999  0.000 16.940 0.063  9999  0.000  3 poor!
#03/12/05 53707.747  9999  0.000 19.138 0.432 18.641 0.236  9999  0.000 16.875 0.044 16.308 0.450  3 poor!
#05/12/05 53709.740  9999  0.000 19.509 0.308 18.921 0.196 17.862 0.098 16.869 0.097 16.303 0.051  3 poor!!
#12/12/05 53715.566  9999  0.000 18.846 0.332 18.451 0.118 17.881 0.212 16.927 0.064  9999  0.000  5
#14/12/05 53718.687  9999  0.000 19.336 0.168 18.997 0.166 17.985 0.113 17.081 0.139  9999  0.000  3 photometric!
#22/12/05 53725.716  9999  0.000 18.982 0.190 18.547 0.104  9999  0.000 17.021 0.052  9999  0.000  5
#27/12/05 53731.637  9999  0.000  9999  0.000 18.597 0.207 17.931 0.115 17.172 0.064  9999  0.000  3 
#31/12/05 53735.623  9999  0.000  9999  0.000 16.612 0.100 17.794 0.122 17.254 0.075  9999  0.000  3 
#15/01/06 53750.744  9999  0.000  9999  0.000 18.062 0.228  9999  0.000  9999  0.000  9999  0.000  1
#03/02/06 53769.715  9999  0.000  9999  0.000 18.762 0.267  9999  0.000  9999  0.000  9999  0.000  1
#04/02/06 53770.567  9999  0.000  9999  0.000 19.361 0.257 18.393 0.175 17.590 0.165  9999  0.000  3
#08/02/06 53774.626  9999  0.000 20.181 0.398 19.264 0.354 18.277 0.146 17.567 0.041  9999  0.000  5 
#20/02/06 53786.568  9999  0.000  9999  0.000 19.337 0.194 18.502 0.151 17.934 0.127  9999  0.000  3 
#06/03/06 53800.574  9999  0.000  9999  0.000 18.757 0.216 18.286 0.114 17.490 0.283  9999  0.000  3
#19/03/06 53814.461  9999  0.000 20.081 0.201  9999  0.000  9999  0.000  9999  0.000  9999  0.000 -3
#20/03/06 53815.451  9999  0.000  9999  0.000 18.879 0.063 18.338 0.057 17.582 0.048  9999  0.000  3
#04/04/06 53830.458  9999  0.000  9999  0.000 19.200 0.154 18.425 0.081 17.805 0.072  9999  0.000  3 
#19/04/06 53845.401  9999  0.000  9999  0.000 19.646 0.371 18.782 0.183 17.958 0.163  9999  0.000  3
#03/05/06 53859.418  9999  0.000 19.951 0.164  9999  0.000  9999  0.000  9999  0.000  9999  0.000 -3
#04/05/06 53860.410  9999  0.000  9999  0.000 19.526 0.200 18.511 0.142 17.927 0.185  9999  0.000  3
#15/05/06 53871.670  9999  0.000  9999  0.000 19.735 0.106 18.613 0.225 17.942 0.107  9999  0.000  3
#17/06/06 53904.512  9999  0.000  9999  0.000 20.021 0.179 19.318 0.100 18.559 0.099  9999  0.000  3
#09/07/06 53926.427  9999  0.000  9999  0.000 20.330 0.403 19.553 0.112 18.756 0.152  9999  0.000  3 
