 2005gj II
 SDSSJ030111.99-003313.5 ABg= 0.50 0.0 ABi= 0.00 0.0  mu= 37.15 0.
_____________________________________________________________________________________________________
ugriz  JD_MAX  53658.0  0.0   53658.0  0.0  53658.0  0.0   53658.0 0.0   536358.0  0.0   
       m_max    18.0   0.0     17.80   0.0     17.10  0.0   17.0    0.0    17.0    0.0
  Date     JD          u           g           r            i           z    source    note
  999  53638.       9999 0.0   30.   0.0   30.   0.0   30.   0.0   9999  0.0  111    
  999  53933.       9999 0.0   20.6  0.0   19.9  0.0   19.7  0.0   9999  0.0  111    
#
  999  53616.94    24.00  0.0  25.19  0.0  23.81  0.0  23.36  0.0  22.15  0.0  -1 SDSS
  999  53626.91    21.12  0.0  27.83  0.0  22.85  0.0  24.92  0.0  22.28  0.0  -1 SDSS
  999  53628.90    23.88  0.0  25.72  0.0  22.92  0.0  25.98  0.0  21.72  0.0  -1 SDSS
  999  53635.91    22.00  0.0  26.38  0.0  23.32  0.0  23.27  0.0  22.15  0.0  -1 SDSS
  1.9  53639.95    18.887 0.0  18.592 0.0  18.621 0.0  18.718 0.0  18.924 0.0  1 SDSS
  3.8  53641.95    18.468 0.0  18.154 0.0  18.256 0.0  18.340 0.0  18.511 0.0  1 SDSS
  6.6  53644.89    18.121 0.0  17.795 0.0  17.879 0.0  17.935 0.0  18.141 0.0  1 SDSS
 17.9  53656.94    9999   0.0  17.355 0.0  17.255 0.0  17.360 0.0  9999   0.0  1 MDM
 18.8  53657.90    17.949 0.0  17.343 0.0  17.214 0.0  17.275 0.0  17.438 0.0  1 SDSS
 24.5  53663.89    18.149 0.0  17.410 0.0  17.158 0.0  17.163 0.0  17.280 0.0  1 SDSS
 24.5  53663.92    9999   0.0  17.368 0.0  17.160 0.0  17.248 0.0  9999   0.0  1 MDM
 26.4  53665.91    9999   0.0  9999   0.0  17.146 0.0  17.215 0.0  9999   0.0  1 MDM
 27.3  53666.96    18.282 0.0  17.408 0.0  17.121 0.0  17.133 0.0  17.268 0.0  1 SDSS
 29.2  53668.87    9999   0.0  17.393 0.0  17.125 0.0  17.186 0.0  9999   0.0  1 MDM
 29.2  53668.88    18.355 0.0  17.401 0.0  17.127 0.0  17.096 0.0  17.240 0.0  1 SDSS
 30.2  53669.97    18.347 0.0  17.430 0.0  17.101 0.0  17.105 0.0  17.231 0.0  1 SDSS
 31.0  53670.88    18.386 0.0  17.419 0.0  17.125 0.0  17.092 0.0  17.249 0.0  1 SDSS
 33.8  53673.85    18.479 0.0  17.450 0.0  17.123 0.0  17.081 0.0  17.229 0.0  1 SDSS
 35.7  53675.85    18.551 0.0  17.477 0.0  17.134 0.0  17.088 0.0  17.182 0.0  1 SDSS
 36.7  53676.90    9999   0.0  17.464 0.0  17.116 0.0  17.138 0.0  9999   0.0  1 MDM
 40.4  53680.86    18.663 0.0  17.578 0.0  17.133 0.0  17.054 0.0  17.156 0.0  1 SDSS
 43.3  53683.92    18.759 0.0  17.656 0.0  17.220 0.0  17.080 0.0  17.061 0.0  1 SDSS
 46.1  53686.86    18.887 0.0  17.695 0.0  17.160 0.0  17.060 0.0  17.138 0.0  1 SDSS
 47.1  53687.91    18.937 0.0  17.687 0.0  17.206 0.0  17.042 0.0  17.119 0.0  1 SDSS
 52.7  53693.86    19.018 0.0  17.780 0.0  17.207 0.0  17.084 0.0  17.130 0.0  1 SDSS
 58.3  53699.85    9999   0.0  17.864 0.0  17.271 0.0  17.202 0.0  17.166 0.0  1 MDM
 58.4  53699.88    19.083 0.0  17.909 0.0  17.273 0.0  17.124 0.0  17.135 0.0  1 SDSS
 84.6  53727.70    9999   0.0  18.368 0.0  17.639 0.0  17.551 0.0  17.407 0.0  1 MDM
 94.0  53737.75    9999   0.0  18.525 0.0  17.791 0.0  17.709 0.0  17.470 0.0  1 MDM
 95.8  53739.64    9999   0.0  18.540 0.0  17.822 0.0  17.744 0.0  17.548 0.0  1 MDM
# epoch  JD            u'          g'          r'          i'         z'     source   note
 57.2  53698.69     19.159 0.0  17.884 0.0  17.243 0.0  17.106 0.0   9999 0.0  1  CSP
 58.2  53699.67     19.196 0.0  17.910 0.0  17.261 0.0  17.100 0.0   9999 0.0  1  CSP
 61.0  53702.68     19.286 0.0  17.959 0.0  17.281 0.0  17.130 0.0   9999 0.0  1  CSP
 64.8  53706.69     19.312 0.0  18.031 0.0  17.345 0.0  17.173 0.0   9999 0.0  1  CSP
 70.4  53712.64     19.619 0.0  18.157 0.0  17.418 0.0  17.249 0.0   9999 0.0  1  CSP
 77.9  53720.66     19.721 0.0  18.283 0.0  17.542 0.0  17.363 0.0   9999 0.0  1  CSP
 82.6  53725.65     19.964 0.0  18.365 0.0  17.602 0.0  17.412 0.0   9999 0.0  1  CSP
 85.5  53728.71     19.938 0.0  18.430 0.0  17.658 0.0  17.453 0.0   9999 0.0  1  CSP
 93.0  53736.62     20.104 0.0  18.554 0.0  17.794 0.0  17.586 0.0   9999 0.0  1  CSP
 96.8  53740.64     20.229 0.0  18.606 0.0  17.856 0.0  17.641 0.0   9999 0.0  1  CSP
 97.6  53741.59     20.238 0.0  18.635 0.0  17.872 0.0  17.651 0.0   9999 0.0  1  CSP
 102.4 53746.61     20.532 0.0  18.641 0.0  17.926 0.0  17.725 0.0   9999 0.0  1  CSP
 109.9 53754.58     20.509 0.0  18.770 0.0  18.021 0.0  17.803 0.0   9999 0.0  1  CSP
 116.5 53761.64      9999  0.0  18.847 0.0  18.100 0.0  17.910 0.0   9999 0.0  1  CSP
 118.3 53763.56      9999  0.0  18.841 0.0  18.107 0.0  17.960 0.0   9999 0.0  1  CSP
 119.3 53764.58      9999  0.0  18.859 0.0  18.143 0.0  17.947 0.0   9999 0.0  1  CSP
 123.1 53768.60      9999  0.0  18.882 0.0  18.200 0.0  17.978 0.0   9999 0.0  1  CSP
 127.7 53773.55      9999  0.0  18.884 0.0  18.239 0.0  18.050 0.0   9999 0.0  1  CSP
 128.7 53774.56      9999  0.0  18.946 0.0  18.221 0.0  18.079 0.0   9999 0.0  1  CSP
 137.2 53783.55      9999  0.0  19.017 0.0  18.322 0.0  18.117 0.0   9999 0.0  1  CSP
 140.0 53786.53      9999  0.0  19.015 0.0  18.363 0.0  18.178 0.0   9999 0.0  1  CSP
 148.5 53795.55      9999  0.0  19.099 0.0  18.416 0.0  18.227 0.0   9999 0.0  1  CSP
###############################################################################
#
#
