2008es    II
anonymous   ABg= 0.00 .00 ABi= 0.00 .00  mu= 39.7  0.00
 _____________________________________________________________________
UBVRI    JD_max    54592.73 2  54592.73 2  54592.73 2  54592.73 2  54592.73 2  
          m_max     17.8   .1 17.8   .1 17.8   .1 17.8  .1 17.8   .1
  Date      JD        U           B         V          R          I          S  notes
x      54572.    9999 0.03  30.  0.03  30.   0.  30.  0.   9999  0.00 111
x      54892.    9999 0.03  25.5  0.03  24.  0.  23.5  0.   9999  0.00 111
A26.23 54582.73   9999  0.00  17.8  0.00   17.8  0.00  9999   0.1    9999  0.00 111
#
A26.23 54582.73   9999  0.00   9999  0.00   9999  0.00  18.1   0.1    9999  0.00 2
#A28.21 54584.71   9999  0.00   9999  0.00   9999  0.00  17.8   0.1    9999  0.00 2     
M02.27 54588.77   9999  0.00   9999  0.00  18.1   0.30  18.1   0.1   18.2   0.2  2 # g band, not V 
M06.23 54592.73   9999  0.00   9999  0.00   9999  0.00  17.8   0.1    9999  0.00 2     
M08.24 54594.74   9999  0.00   9999  0.00  17.7   0.30  17.8   0.1   17.8   0.2  2 # g band, not V 
4      54600.75  16.80  0.03  17.76  0.03  9999   0.   9999   0.   9999  0.00 1
4      54602.25  16.83  0.03  17.75  0.03  9999   0.   9999   0.   9999  0.00 1
4      54609.75  17.07  0.03   9999  0.00  9999   0.   9999   0.   9999  0.00 1
4      54610.00   9999  0.00  17.95  0.03  9999   0.   9999   0.   9999  0.00 1
1      54616.74   9999  0.00   9999  0.00  9999   0.   9999   0.  17.74  0.07 1
4      54617.50  17.50  0.07  18.18  0.08  9999   0.   9999   0.   9999  0.00 1
1      54618.76   9999  0.00   9999  0.00  9999   0.   9999   0.  17.92  0.16 1
3      54619.82  17.72  0.07  18.20  0.07  9999   0.   9999   0.  17.68  0.06 1
1      54620.72   9999  0.00  18.36  0.04  9999   0.   9999   0.  17.72  0.05 1
1      54622.73   9999  0.00  18.49  0.05  9999   0.   9999   0.  17.67  0.05 1
1      54624.72   9999  0.00  18.60  0.04  9999   0.   9999   0.  17.81  0.05 1
4      54624.75  18.07  0.09  18.41  0.08  9999   0.   9999   0.   9999  0.00 1
1      54626.72   9999  0.00  18.64  0.06  9999   0.   9999   0.  17.88  0.04 1
1      54628.72   9999  0.00  18.73  0.07  9999   0.   9999   0.  17.88  0.05 1
2      54627.75   9999  0.00  18.56  0.02  9999   0.   9999   0.  17.79  0.04 1
1      54630.72   9999  0.00  18.83  0.06  9999   0.   9999   0.  17.90  0.07 1
1      54632.74   9999  0.00  18.93  0.09  9999   0.   9999   0.  18.01  0.06 1
1      54634.77   9999  0.00  18.94  0.11  9999   0.   9999   0.  17.93  0.07 1
4      54635.50  18.52  0.06  19.08  0.06  9999   0.   9999   0.   9999  0.00 1  
4      54635.75   9999  0.00   9999  0.00  9999   0.   9999   0.   9999  0.00 1 
2      54635.75   9999  0.00  19.04  0.07  9999   0.   9999   0.  17.86  0.09 1
1      54636.73   9999  0.00  19.03  0.09  9999   0.   9999   0.   9999  0.00 1
2      54638.71   9999  0.00  19.05  0.03  9999   0.   9999   0.  18.04  0.04 1
1      54639.70   9999  0.00  19.00  0.11  9999   0.   9999   0.   9999  0.00 1
2      54642.67   9999  0.00  19.31  0.10  9999   0.   9999   0.  18.04  0.08 1
1      54643.74   9999  0.00  19.46  0.09  9999   0.   9999   0.  18.20  0.09 1
4      54644.25  19.03  0.09  19.19  0.08  9999   0.   9999   0.   9999  0.00 1 
4      54652.25  19.23  0.10  19.96  0.14  9999   0.   9999   0.   9999  0.00 1
2      54653.67   9999  0.00  19.76  0.09  9999   0.   9999   0.  18.34  0.11 1
2      54655.71   9999  0.00  19.76  0.04  9999   0.   9999   0.  18.42  0.07 1 
2      54658.67   9999  0.00  19.93  0.14  9999   0.   9999   0.  18.29  0.17 1 
2      54662.67   9999  0.00  20.16  0.09  9999   0.   9999   0.  18.16  0.13 1 
4      54665.50  20.05  0.17  19.93  0.11  9999   0.   9999   0.   9999  0.00 1 
4      54665.75   9999  0.00   9999  0.00  9999   0.   9999   0.   9999  0.00 1 
4      54682.22   9999  0.00   9999  0.00  9999   0.   9999   0.   9999  0.00 1 
3      54683.70   9999  0.00  21.38  0.16  9999   0.   9999   0.  19.32  0.08 1   
a      54599.8   16.82  0.03  17.81  0.04  17.80  0.06 9999  0.00   9999  0.00  3
a      54601.5   16.81  0.03  17.79  0.04  17.70  0.06 9999  0.00   9999  0.00  3
a      54608.2   17.05  0.03  17.97  0.04  17.96  0.07 9999  0.00   9999  0.00  3 
a      54616.1   17.47  0.08  18.23  0.09  17.96  0.14 9999  0.00   9999  0.00  3 
a      54617.9   17.41  0.04  18.23  0.05  17.94  0.07 9999  0.00   9999  0.00  3 
a      54624.1   18.09  0.10  18.45  0.09  17.94  0.16 9999  0.00   9999  0.00  3 
a      54634.9   18.48  0.08  19.18  0.08  18.54  0.10 9999  0.00   9999  0.00  3 
a      54643.6   19.10  0.13  19.28  0.11  18.66  0.12 9999  0.00   9999  0.00  3 
#a      54651.4   19.19  0.16  20.09  0.26  19.33  0.23 9999  0.00   9999  0.00  3 
a      54664.9   20.12  0.31  20.08  0.20  19.31  0.23 9999  0.00   9999  0.00  3 
#a      54681.6    9999  0.000  9999  0.00  20.44  0.24 9999  0.00   9999  0.00  3 
a      54696.5    9999  0.000  9999  0.00  20.43  0.16 9999  0.00   9999  0.00  3 
#a      54555.1    9999  0.000  9999  0.00   9999  0.00  19.48  0.00  9999  0.00 -4
#a      54556.2    9999  0.000  9999  0.00   9999  0.00  19.51  0.00  9999  0.00 -4 
#a      54559.1    9999  0.000  9999  0.00   9999  0.00  18.32  0.00  9999  0.00 -4
#a      54562.1    9999  0.000  9999  0.00   9999  0.00  19.21  0.00  9999  0.00 -4
#a      54567.4    9999  0.000  9999  0.00   9999  0.00  18.93  0.00  9999  0.00 -4
#a      54569.2    9999  0.000  9999  0.00   9999  0.00  18.69  0.00  9999  0.00 -4
#a      54571.2    9999  0.000  9999  0.00   9999  0.00  18.25  0.00  9999  0.00 -4
#a      54573.2    9999  0.000  9999  0.00   9999  0.00  18.46  0.00  9999  0.00 -4
#a      54575.2    9999  0.000  9999  0.00   9999  0.00  18.54  0.00  9999  0.00 -4
#a      54579.2    9999  0.000  9999  0.00   9999  0.00  18.27  0.00  9999  0.00 -4
#a      54580.2    9999  0.000  9999  0.00   9999  0.00  18.34  0.00  9999  0.00 -4
a      54582.2    9999  0.000  9999  0.00   9999  0.00  18.36  0.10  9999  0.00  4
a      54584.2    9999  0.000  9999  0.00   9999  0.00  18.09  0.16  9999  0.00  4
a      54585.2    9999  0.000  9999  0.00   9999  0.00  18.10  0.07  9999  0.00  4
a      54591.2    9999  0.000  9999  0.00   9999  0.00  18.02  0.18  9999  0.00  4
a      54592.2    9999  0.000  9999  0.00   9999  0.00  17.96  0.22  9999  0.00  4
a      54594.2    9999  0.000  9999  0.00   9999  0.00  17.78  0.10  9999  0.00  4
a      54596.2    9999  0.000  9999  0.00   9999  0.00  17.79  0.09  9999  0.00  4
#a      54597.1    9999  0.000  9999  0.00   9999  0.00  17.66  0.21  9999  0.00  4
a      54604.2    9999  0.000  9999  0.00   9999  0.00  17.95  0.15  9999  0.00  4
a      54605.2    9999  0.000  9999  0.00   9999  0.00  17.91  0.18  9999  0.00  4
a      54606.2    9999  0.000  9999  0.00   9999  0.00  17.98  0.08  9999  0.00  4
a      54608.3    9999  0.000  9999  0.00   9999  0.00  18.05  0.33  9999  0.00  4
a      54610.2    9999  0.000  9999  0.00   9999  0.00  17.87  0.05  9999  0.00  4
a      54618.2    9999  0.000  9999  0.00   9999  0.00  17.98  0.06  9999  0.00  4
a      54619.2    9999  0.000  9999  0.00   9999  0.00  18.14  0.09  9999  0.00  4
a      54620.2    9999  0.000  9999  0.00   9999  0.00  18.09  0.09  9999  0.00  4
a      54622.2    9999  0.000  9999  0.00   9999  0.00  18.21  0.15  9999  0.00  4
#a      54624.2    9999  0.000  9999  0.00   9999  0.00  18.50  0.16  9999  0.00  4
a      54626.2    9999  0.000  9999  0.00   9999  0.00  18.14  0.14  9999  0.00  4
#a      54627.2    9999  0.000  9999  0.00   9999  0.00  18.60  0.16  9999  0.00  4
a      54590.2    9999  0.000  9999  0.00   9999  0.00  17.90  0.06 17.95  0.06  5
a      54591.2    9999  0.000  9999  0.00   9999  0.00  17.94  0.06 17.92  0.08  5
a      54593.2    9999  0.000  9999  0.00   9999  0.00  17.86  0.06 17.81  0.05  5
a      54595.2    9999  0.000  9999  0.00   9999  0.00  17.91  0.08 17.88  0.06  5
a      54597.2    9999  0.000  9999  0.00   9999  0.00  17.86  0.08 17.77  0.06  5
a      54598.3    9999  0.000  9999  0.00   9999  0.00  17.82  0.08  9999  0.00  5
a      54600.2    9999  0.000  9999  0.00   9999  0.00  17.82  0.10 17.81  0.07  5 
a      54602.2    9999  0.000  9999  0.00   9999  0.00  17.81  0.16  9999  0.00  5 
a      54603.2    9999  0.000  9999  0.00   9999  0.00  17.84  0.08 17.80  0.08  5
a      54606.3    9999  0.000  9999  0.00   9999  0.00  17.92  0.10 17.87  0.10  5
a      54607.2    9999  0.000  9999  0.00   9999  0.00  17.83  0.08 17.82  0.09  5
a      54608.2    9999  0.000  9999  0.00   9999  0.00  17.97  0.12 17.90  0.10  5
a      54615.2    9999  0.000  9999  0.00   9999  0.00  17.96  0.08 17.98  0.08  5
a      54617.2    9999  0.000  9999  0.00   9999  0.00  18.00  0.06 17.97  0.10  5
a      54618.2    9999  0.000  9999  0.00   9999  0.00  18.01  0.06 17.98  0.09  5
a      54620.2    9999  0.000  9999  0.00   9999  0.00  18.22  0.14 18.00  0.08  5
a      54624.2    9999  0.000  9999  0.00   9999  0.00  18.09  0.08 18.03  0.08  5
a      54629.2    9999  0.000  9999  0.00   9999  0.00  18.26  0.07 18.12  0.08  5
#a      54633.2    9999  0.000  9999  0.00   9999  0.00  17.97  0.08 18.15  0.09  5
#a      54634.2    9999  0.000  9999  0.00   9999  0.00  17.97  0.09 18.16  0.07  5
#a      54635.2    9999  0.000  9999  0.00   9999  0.00  17.97  0.08 18.26  0.08  5
a      54636.2    9999  0.000  9999  0.00   9999  0.00  18.30  0.11 18.24  0.09  5
a      54638.3    9999  0.000  9999  0.00   9999  0.00  18.35  0.10 18.31  0.10  5
a      54640.2    9999  0.000  9999  0.00   9999  0.00  18.38  0.06 18.35  0.06  5
a      54641.3    9999  0.000  9999  0.00   9999  0.00  18.43  0.06 18.35  0.07  5
a      54645.2    9999  0.000  9999  0.00   9999  0.00  18.55  0.08 18.36  0.07  5
a      54648.2    9999  0.000  9999  0.00   9999  0.00  18.60  0.08  9999  0.00  5
a      54652.2    9999  0.000  9999  0.00   9999  0.00  18.79  0.15  9999  0.00  5 
a      54654.2    9999  0.000  9999  0.00   9999  0.00  18.83  0.08  9999  0.00  5 
a      54655.2    9999  0.000  9999  0.00   9999  0.00  18.84  0.09 18.74  0.09  5
a      54657.2    9999  0.000  9999  0.00   9999  0.00   9999  0.00 18.63  0.30  5
#a      54658.2    9999  0.000  9999  0.00   9999  0.00  19.22  0.30 18.84  0.25  5
a      54672.2    9999  0.000  9999  0.00   9999  0.00  19.31  0.15  9999  0.00  5 
a      54674.2    9999  0.000  9999  0.00   9999  0.00  19.37  0.15  9999  0.00  5 
a      54676.2    9999  0.000  9999  0.00   9999  0.00  19.47  0.15 19.18  0.14  5
#a      54681.2    9999  0.000  9999  0.00   9999  0.00  19.85  0.20 19.39  0.17  5
a      54611.2    9999  0.000  9999  0.00  17.80  0.01   9999  0.00  9999  0.00  6
a      54614.1    9999  0.000  9999  0.00  17.89  0.02   9999  0.00  9999  0.00  6
a      54617.1    9999  0.000  9999  0.00  17.89  0.01   9999  0.00  9999  0.00  6 
a      54621.1    9999  0.000  9999  0.00  18.01  0.01   9999  0.00  9999  0.00  6 
a      54625.2    9999  0.000  9999  0.00  18.14  0.01   9999  0.00  9999  0.00  6 
a      54626.2    9999  0.000  9999  0.00  18.17  0.01   9999  0.00  9999  0.00  6 
a      54627.2    9999  0.000  9999  0.00  18.19  0.01   9999  0.00  9999  0.00  6 
a      54628.2    9999  0.000  9999  0.00  18.23  0.01   9999  0.00  9999  0.00  6 
a      54629.2    9999  0.000  9999  0.00  18.23  0.01   9999  0.00  9999  0.00  6
a      54630.2    9999  0.000  9999  0.00  18.28  0.01   9999  0.00  9999  0.00  6 
a      54631.2    9999  0.000  9999  0.00  18.32  0.03   9999  0.00  9999  0.00  6 
a      54632.2    9999  0.000  9999  0.00  18.35  0.01   9999  0.00  9999  0.00  6 
a      54633.2    9999  0.000  9999  0.00  18.38  0.01   9999  0.00  9999  0.00  6
a      54635.2    9999  0.000  9999  0.00  18.41  0.02   9999  0.00  9999  0.00  6 
a      54637.2    9999  0.000  9999  0.00  18.48  0.01   9999  0.00  9999  0.00  6 
a      54638.2    9999  0.000  9999  0.00  18.53  0.01   9999  0.00  9999  0.00  6 
a      54639.2    9999  0.000  9999  0.00  18.56  0.01   9999  0.00  9999  0.00  6 
a      54640.2    9999  0.000  9999  0.00  18.60  0.01   9999  0.00  9999  0.00  6
a      54648.2    9999  0.000  9999  0.00  18.84  0.02   9999  0.00  9999  0.00  6 
a      54655.2    9999  0.000  9999  0.00  19.10  0.02   9999  0.00  9999  0.00  6
# 1 
# 2 IAUCs
# 3 Gezari et al. SWIFT
# 4 Gezari et al. ROTSE unfiltered
# 5 Gezari et al. P60-PALOMAR 
# 6 Gezari et al. MDM-PALOMAR 
# NB> Gezari et al. corrected for galactic extinction E(B-V)=0.012 
