 2008D Ic
  NGC2770        ABg= 0.09 0.0 ABi= 2.6 0.7  mu= 32.29  0. jd_expl= 54475.06
_____________________________________________________________________________________________________
UBVRI   JD_MAX    54490.06  2.0     54492.05  1.0    54493.39 2.0      54494.06  1.0   54475.06  2.0 
       m_max        19.   0.0       18.4   0.0        17.34   0.0     16.75   0.0       16.0   0.0  
   Date        JD            U                 B               V               R                I               S     Inst
  xxxxxxxxx 54473.        9999  0.0       30.    0.      30.   0.0      30.    0.0     9999   0.0      111                 
  xxxxxxxxx 54790.        9999  0.0       24.5    0.      23.4  0.0    9999   0.0     9999   0.0      111                 
#
  07/01/08  54472.50      9999  0.0       21.4   0.      21.   0.0      21.4   0.0      20.3  0.0      -4   Asiago_limite
  09/01/08  54475.0645     20.2  0.4      20.5   0.3     9999  0.0      9999   0.0      9999  0.0       0   GCN7168
  09/01/08  54475.0643    9999   0.0      9999   0.0     9999  0.0      9999   0.0      9999  0.0       0   GCN7175-X-FLASH
  10/01/08  54475.50      9999   0.00     19.673 0.076   19.10 0.06     18.676 0.061    18.577 0.036    1   Asiago
  11/01/08  54476.6       18.5    0.1      18.9   0.1    18.5  0.2      9999   0.0      9999  0.0       0   GCN7168 
  11/01/08  54476.92      9999   0.0      9999  0.0      9999  0.0      17.77  0.0      9999  0.0       0   IAUC_unfil+0.27
  11/01/08  54477.08      18.65  0.04     19.05  0.04    18.38  0.05    9999   0.0      9999  0.0       0   gcn7176
  12/01/08  54477.63      18.686 0.019    19.116 0.018   18.41 0.10     17.921 0.017    17.374 0.020    2   not
  12/01/08  54477.71       9999  0.000    19.164 0.040   18.445 0.047   17.868 0.017    17.409 0.011    1   lp
  12/01/08  54477.9       19.02  0.07     19.34  0.07    18.56  0.08    9999   0.0       9999  0.0      0   gcn7176
  13/01/08  54478.27       9999  0.000    9999   0.0     9999  0.0      17.8   0.1       9999  0.0      5   fors
  13/01/08  54478.70      18.899 0.039    19.084 0.021   18.49 0.03     17.775 0.018    17.305 0.021    3   tng2
  14/01/08  54479.67      19.161 0.050    19.264 0.017   18.29 0.03     17.848 0.025    17.397 0.014    2   not
  15/01/08  54480.71      9999  0.000     19.241 0.032   18.299 0.020   17.757 0.034    17.220 0.015    1   lp
  16/01/08  54481.23      9999  0.000      9999  0.000    9999  0.00    17.65  0.1      9999   0.0      5   fors
  16/01/08  54481.70      19.324 0.088    19.148 0.037   18.03  0.032   17.606 0.013    17.027 0.021    1   lp2
  17/01/08  54482.76      19.370 0.131    18.961 0.042   17.96  0.02    17.483 0.029    16.846 0.024    1   lp
  18/01/08  54483.76      19.100 0.063    18.886 0.032   17.79  0.02    17.272 0.012    16.559 0.039    1   lp
  20/01/08  54485.52      19.078 0.466     9999  0.070   17.64  0.061   17.022 0.043    16.542 0.016    1   lp
  20/01/08  54485.64       9999  0.000    18.702 0.059   17.646 0.038   17.112 0.019    16.544 0.011    1   lp
  20/01/08  54485.64      18.656 0.000     9999  0.000    9999  0.000    9999  0.000     9999  0.000   -1   lp
  25/01/08  54490.20       9999  0.000    18.476 0.030   17.36  0.02    16.808 0.013    16.290 0.013    5   fors2
  25/01/08  54491.40      18.909 0.059    18.459 0.042   17.361 0.031   16.807 0.024    16.242 0.019    1   lp
  28/01/08  54493.51      19.009 0.035    18.510 0.021   17.33  0.026   16.713 0.063    16.184 0.060    6   ca
  29/01/08  54494.59       9999  0.000    18.492 0.038   17.342 0.016   16.701 0.022    16.102 0.020    4   asiago
  29/01/08  54494.59      18.825 0.000     9999  0.000    9999  0.000    9999  0.000     9999  0.000   -4   asiago
  29/01/08  54494.62      18.937 0.033    18.490 0.026   17.34  0.019   16.828 0.019    16.209 0.036    1   lp
  30/01/08  54495.62      19.100 0.105    18.464 0.029   17.35  0.021   16.744 0.024    16.081 0.014    1   lp
  31/01/08  54497.46      19.182 0.083    18.586 0.016   17.38  0.010   16.749 0.009    16.166 0.007    1   lp
  01/02/08  54497.64      19.155 0.055    18.616 0.023   17.43  0.012   16.724 0.007    16.113 0.005    1   lp
  06/02/08  54502.61       9999  0.000    19.009 0.028   17.58  0.014   16.877 0.007    16.228 0.013    1   lp
  07/02/08  54503.71       9999  0.000    19.076 0.101   17.62  0.071   16.866 0.060    16.25  0.061    1   lp
  08/02/08  54504.62      20.150 0.210    19.111 0.041   17.720 0.026   16.881 0.022    16.246 0.012    1   lp
  11/02/08  54507.59      20.764 0.117    19.637 0.041   17.982 0.015   17.144 0.018    16.321 0.012    3   tng
  11/02/08  54508.42       9999  0.000    19.645 0.1      9999  0.0      9999  0.000     9999  0.00     1   lp
  12/02/08  54508.59       9999  0.000    19.752 0.028   18.059 0.012   17.24  0.018    16.330 0.017    6   ca
  16/02/08  54514.49       9999  0.000     9999  0.0     18.389 0.050   17.736 0.044    16.595 0.026    4   asiago
  27/02/08  54524.50       9999  0.000     9999  0.000   18.812 0.202   17.832 0.072    16.908 0.037    1   lp
  28/02/08  54525.49       9999  0.000    20.678 0.068   18.863 0.033   17.865 0.021    17.010 0.020    1   lp
  01/03/08  54527.48       9999  0.000    20.626 0.041   18.834 0.017   17.942 0.008    16.991 0.010    1   lp
  04/03/08  54530.46       9999  0.000    20.656 0.034   18.887 0.013   18.011 0.011    17.110 0.012    1   lp
  06/03/08  54531.09       9999  0.000    20.712 0.024   18.958 0.022   17.963 0.019    17.095 0.012    5   fors2
  09/03/08  54535.43       9999  0.000    20.77  0.1      9999  0.0      9999  0.000      9999 0.0      1   lp
  10/03/08  54536.44       9999  0.000    20.763 0.102   19.062 0.046   18.145 0.026     9999  0.000    1   lp
  14/03/08  54539.07      21.532 0.165    20.741 0.047   19.126 0.027   18.173 0.012    17.351 0.011    5   fors2
  30/03/08  54556.39       9999  0.000     9999  0.000   19.475 0.052   18.613 0.029    17.759 0.012    2   not
  30/03/08  54556.39      21.6   0.000    20.809 0.000    9999  0.000    9999  0.000     9999 0.000    -2   not
  31/03.08  54556.51       9999  0.000     9999  0.000   19.423 0.103   18.773 0.054     9999 0.000     1   lp
  31/03.08  54556.51       9999  0.000    20.866 0.000    9999  0.000    9999  0.000     9999 0.000    -1   lp
  15/04/08  54572.45       9999  0.000     9999  0.000   19.759 0.08    18.863 0.088     9999 0.000     1   lp
  15/04/08  54572.45       9999  0.000    21.00  0.000    9999  0.0      9999  0.000     9999 0.000    -1   lp
  21/04/08  54578.42       9999  0.000     9999  0.000   19.87  0.106   19.05  0.028     9999 0.000     1   lp
  21/04/08  54578.42       9999  0.000    21.098 0.322    9999  0.000    9999  0.0000    9999 0.000    -1   lp
  27/04/08  54583.03       9999  0.000    21.429 0.028   19.869 0.032   19.085 0.015    18.121 0.013    5   fors2
  22/11/08  54792.5        9999  0.000     9999  0.0      9999  0.0      23.0  0.5       22.4  0.5     11   tanaka
  06/01/09  54837.5        9999  0.0       9999  0.0      9999  0.0      23.8  0.8       9999  0.0     11   tanaka  
#####################################################################################################################
##### Modjaz at al 2008
#####################################################################################################################
  0  54475.2    20.24   0.21  9999 0.0   9999 0.0    9999 0.0     9999 0.0   7  swift
  0  54477.069  18.62   0.03  9999 0.0   9999 0.0    9999 0.0     9999 0.0   7  swift
  0  54478.041  19.07   0.06  9999 0.0   9999 0.0    9999 0.0     9999 0.0   7  swift    
  0  54479.012  19.36   0.07  9999 0.0   9999 0.0    9999 0.0     9999 0.0   7  swift    
  0  54480.051  19.37   0.07  9999 0.0   9999 0.0    9999 0.0     9999 0.0   7  swift    
  0  54481.019  19.45   0.08  9999 0.0   9999 0.0    9999 0.0     9999 0.0   7  swift   
  0  54481.992  19.37   0.08  9999 0.0   9999 0.0    9999 0.0     9999 0.0   7  swift
  0  54483.14   19.31   0.05  9999 0.0   9999 0.0    9999 0.0     9999 0.0   7  swift    
  0  54484.374  19.32   0.07  9999 0.0   9999 0.0    9999 0.0     9999 0.0   7  swift    
  0  54486.853  19.14   0.04  9999 0.0   9999 0.0    9999 0.0     9999 0.0   7  swift    
  0  54490.262  18.99   0.04  9999 0.0   9999 0.0    9999 0.0     9999 0.0   7  swift    
  0  54491.128  19.03   0.04  9999 0.0   9999 0.0    9999 0.0     9999 0.0   7  swift    
  0  54492.082  19.15   0.05  9999 0.0   9999 0.0    9999 0.0     9999 0.0   7  swift    
  0  54493.136  19.18   0.05  9999 0.0   9999 0.0    9999 0.0     9999 0.0   7  swift    
  0  54493.94   19.15   0.05  9999 0.0   9999 0.0    9999 0.0     9999 0.0   7  swift    
  0  54495.097  19.19   0.05  9999 0.0   9999 0.0    9999 0.0     9999 0.0   7  swift    
  0  54496.013  19.28   0.07  9999 0.0   9999 0.0    9999 0.0     9999 0.0   7  swift   
  0  54496.612  19.37   0.07  9999 0.0   9999 0.0    9999 0.0     9999 0.0   7  swift   
  0  54498.027  19.33   0.07  9999 0.0   9999 0.0    9999 0.0     9999 0.0   7  swift   
  0  54498.889  19.39   0.07  9999 0.0   9999 0.0    9999 0.0     9999 0.0   7  swift   
  0  54500.028  19.91   0.10  9999 0.0   9999 0.0    9999 0.0     9999 0.0   7  swift   
  0  54500.963  19.85   0.10  9999 0.0   9999 0.0    9999 0.0     9999 0.0   7  swift   
  0  54504.845  20.53   0.19  9999 0.0   9999 0.0    9999 0.0     9999 0.0   7  swift   
  0  54505.881  20.49   0.18  9999 0.0   9999 0.0    9999 0.0     9999 0.0   7  swift   
  0  54506.852  20.63   0.20  9999 0.0   9999 0.0    9999 0.0     9999 0.0   7  swift   
  0  54507.891  20.82   0.21  9999 0.0   9999 0.0    9999 0.0     9999 0.0   7  swift   
  0  54509.154  21.32   0.35  9999 0.0   9999 0.0    9999 0.0     9999 0.0   7  swift   
  0  54509.88   21.05   0.27  9999 0.0   9999 0.0    9999 0.0     9999 0.0   7  swift   
  0  54511.848  21.34   0.30  9999 0.0   9999 0.0    9999 0.0     9999 0.0   7  swift   
  0  54513.775  21.39   0.28  9999 0.0   9999 0.0    9999 0.0     9999 0.0   7  swift   
  0  54475.201  9999  0.0  20.75   0.0   9999 0.0    9999 0.0     9999 0.0  -7  swift   
  0  54477.091  9999  0.0  19.05   0.04  9999 0.0    9999 0.0     9999 0.0   7  swift   
  0  54478.042  9999  0.0  19.32   0.06  9999 0.0    9999 0.0     9999 0.0   7  swift    
  0  54479.013  9999  0.0  19.31   0.05  9999 0.0    9999 0.0     9999 0.0   7  swift       
  0  54480.053  9999  0.0  19.26   0.05  9999 0.0    9999 0.0     9999 0.0   7  swift       
  0  54481.02   9999  0.0  19.19   0.06  9999 0.0    9999 0.0     9999 0.0   7  swift       
  0  54481.99   9999  0.0  19.05   0.05  9999 0.0    9999 0.0     9999 0.0   7  swift   
  0  54483.144  9999  0.0  18.91   0.04  9999 0.0    9999 0.0     9999 0.0   7  swift   
  0  54484.378  9999  0.0  18.83   0.06  9999 0.0    9999 0.0     9999 0.0   7  swift   
  0  54486.784  9999  0.0  18.59   0.03  9999 0.0    9999 0.0     9999 0.0   7  swift   
  0  54490.266  9999  0.0  18.51   0.03  9999 0.0    9999 0.0     9999 0.0   7  swift   
  0  54491.132  9999  0.0  18.48   0.03  9999 0.0    9999 0.0     9999 0.0   7  swift   
  0  54492.085  9999  0.0  18.48   0.03  9999 0.0    9999 0.0     9999 0.0   7  swift   
  0  54493.14   9999  0.0  18.62   0.03  9999 0.0    9999 0.0     9999 0.0   7  swift   
  0  54493.943  9999  0.0  18.59   0.03  9999 0.0    9999 0.0     9999 0.0   7  swift   
  0  54495.1    9999  0.0  18.55   0.04  9999 0.0    9999 0.0     9999 0.0   7  swift   
  0  54496.018  9999  0.0  18.53   0.04  9999 0.0    9999 0.0     9999 0.0   7  swift   
  0  54496.616  9999  0.0  18.50   0.04  9999 0.0    9999 0.0     9999 0.0   7  swift   
  0  54498.03   9999  0.0  18.66   0.04  9999 0.0    9999 0.0     9999 0.0   7  swift   
  0  54498.896  9999  0.0  18.66   0.03  9999 0.0    9999 0.0     9999 0.0   7  swift   
  0  54500.031  9999  0.0  18.75   0.04  9999 0.0    9999 0.0     9999 0.0   7  swift   
  0  54500.969  9999  0.0  18.82   0.04  9999 0.0    9999 0.0     9999 0.0   7  swift   
  0  54504.881  9999  0.0  19.19   0.07  9999 0.0    9999 0.0     9999 0.0   7  swift   
  0  54506.009  9999  0.0  19.17   0.08  9999 0.0    9999 0.0     9999 0.0   7  swift   
  0  54506.855  9999  0.0  19.34   0.07  9999 0.0    9999 0.0     9999 0.0   7  swift   
#  0  54507.894  9999  0.0  19.92   0.09  9999 0.0    9999 0.0     9999 0.0   7  swift   
  0  54509.158  9999  0.0  19.84   0.09  9999 0.0    9999 0.0     9999 0.0   7  swift   
  0  54509.883  9999  0.0  19.64   0.08  9999 0.0    9999 0.0     9999 0.0   7  swift   
  0  54511.851  9999  0.0  19.93   0.08  9999 0.0    9999 0.0     9999 0.0   7  swift   
  0  54513.613  9999  0.0  20.01   0.09  9999 0.0    9999 0.0     9999 0.0   7  swift   
  0  54475.206  9999 0.0    9999  0.0   19.61 0.0    9999 0.0     9999 0.0  -7  swift
  0  54477.084  9999 0.0    9999  0.0   18.39 0.04   9999 0.0     9999 0.0   7  swift
  0  54478.079  9999 0.0    9999  0.0   18.55 0.07   9999 0.0     9999 0.0   7  swift
  0  54479.018  9999 0.0    9999  0.0   18.42 0.06   9999 0.0     9999 0.0   7  swift
  0  54480.059  9999 0.0    9999  0.0   18.27 0.05   9999 0.0     9999 0.0   7  swift
  0  54481.024  9999 0.0    9999  0.0   18.16 0.05   9999 0.0     9999 0.0   7  swift
  0  54481.997  9999 0.0    9999  0.0   17.98 0.05   9999 0.0     9999 0.0   7  swift
  0  54483.146  9999 0.0    9999  0.0   17.90 0.04   9999 0.0     9999 0.0   7  swift
  0  54484.38   9999 0.0    9999  0.0   17.94 0.07   9999 0.0     9999 0.0   7  swift  
  0  54486.787  9999 0.0    9999  0.0   17.47 0.04   9999 0.0     9999 0.0   7  swift  
  0  54490.268  9999 0.0    9999  0.0   17.37 0.04   9999 0.0     9999 0.0   7  swift  
  0  54491.133  9999 0.0    9999  0.0   17.38 0.03   9999 0.0     9999 0.0   7  swift  
  0  54492.087  9999 0.0    9999  0.0   17.36 0.03   9999 0.0     9999 0.0   7  swift  
  0  54493.142  9999 0.0    9999  0.0   17.36 0.03   9999 0.0     9999 0.0   7  swift  
  0  54493.944  9999 0.0    9999  0.0   17.31 0.03   9999 0.0     9999 0.0   7  swift  
  0  54495.101  9999 0.0    9999  0.0   17.35 0.04   9999 0.0     9999 0.0   7  swift  
  0  54496.008  9999 0.0    9999  0.0   17.38 0.03   9999 0.0     9999 0.0   7  swift  
  0  54496.607  9999 0.0    9999  0.0   17.39 0.03   9999 0.0     9999 0.0   7  swift  
  0  54498.032  9999 0.0    9999  0.0   17.36 0.04   9999 0.0     9999 0.0   7  swift  
  0  54498.882  9999 0.0    9999  0.0   17.42 0.03   9999 0.0     9999 0.0   7  swift  
  0  54500.033  9999 0.0    9999  0.0   17.54 0.04   9999 0.0     9999 0.0   7  swift  
  0  54500.957  9999 0.0    9999  0.0   17.57 0.03   9999 0.0     9999 0.0   7  swift  
  0  54504.84   9999 0.0    9999  0.0   17.75 0.04   9999 0.0     9999 0.0   7  swift  
  0  54506.01   9999 0.0    9999  0.0   17.91 0.14   9999 0.0     9999 0.0   7  swift  
  0  54506.848  9999 0.0    9999  0.0   17.90 0.05   9999 0.0     9999 0.0   7  swift  
  0  54507.887  9999 0.0    9999  0.0   17.95 0.04   9999 0.0     9999 0.0   7  swift  
  0  54509.15   9999 0.0    9999  0.0   18.23 0.06   9999 0.0     9999 0.0   7  swift  
  0  54509.877  9999 0.0    9999  0.0   18.10 0.05   9999 0.0     9999 0.0   7  swift  
  0  54511.844  9999 0.0    9999  0.0   18.27 0.05   9999 0.0     9999 0.0   7  swift  
  0  54513.608  9999 0.0    9999  0.0   18.31 0.05   9999 0.0     9999 0.0   7  swift  
  0  54476.914  9999 0.0   19.05 0.07   18.33 0.04  17.80 0.03   17.34 0.05  7   KAIT 
  0  54477.844  9999 0.0   19.01 0.03   18.39 0.05  17.84 0.03   17.36 0.02  7   Nickel 
  0  54477.954  9999 0.0   19.15 0.08   18.43 0.05  17.85 0.04   17.38 0.04  7   KAIT 
  0  54478.844  9999 0.0   19.09 0.03   18.37 0.02  17.89 0.02   17.37 0.02  7   Nickel 
  0  54478.934  9999 0.0   19.22 0.09   18.43 0.05  17.83 0.04   17.40 0.04  7   KAIT 
  0  54479.924  9999 0.0   19.14 0.06   18.30 0.04  17.78 0.04   17.19 0.04  7   KAIT 
  0  54480.894  9999 0.0   19.23 0.07   18.22 0.04  17.68 0.03   17.17 0.03  7   KAIT 
  0  54481.924  9999 0.0   18.95 0.11   17.97 0.05  17.47 0.06   16.97 0.05  7   KAIT 
  0  54482.884  9999 0.0   18.88 0.11   17.93 0.05  17.34 0.03   16.81 0.04  7   KAIT 
  0  54483.854  9999 0.0   18.90 0.10   17.73 0.04  17.27 0.02   16.72 0.03  7   KAIT 
  0  54484.854  9999 0.0   18.69 0.07   17.69 0.04  17.13 0.02   16.58 0.02  7   KAIT 
  0  54485.834  9999 0.0   18.54 0.08   17.61 0.05  17.07 0.02   16.41 0.02  7   KAIT 
  0  54501.914  9999 0.0   18.92 0.07   17.54 0.03  16.82 0.02   16.20 0.02  7   KAIT 
  0  54502.854  9999 0.0   19.01 0.05   17.58 0.03  16.86 0.02   16.22 0.02  7   KAIT 
  0  54503.874  9999 0.0   19.13 0.06   17.64 0.03  16.86 0.02   16.24 0.02  7   KAIT 
  0  54504.844  9999 0.0   19.19 0.05   17.74 0.03  16.95 0.02   16.27 0.03  7   KAIT 
  0  54505.824  9999 0.0   19.28 0.06   17.82 0.03  17.01 0.02   16.28 0.02  7   KAIT 
  0  54507.814  9999 0.0   19.52 0.08   17.92 0.03  17.11 0.02   16.38 0.02  7   KAIT 
  0  54509.784  9999 0.0   19.70 0.06   18.06 0.03  17.21 0.02   16.42 0.02  7   KAIT   
  0  54510.824  9999 0.0   19.74 0.12   18.08 0.03  17.26 0.02   16.47 0.02  7   KAIT
________________________________________________________________________________ 
JHK       JD_max        54475.05 2.0      54475.05  1.0   54475.05  2.0
          m_max        15.0    0.0     14.7   0.0     14.7   0.0 
  Date          JD              J               H       K          S       Inst
 08/01/10    54476.71  16.59  0.03   16.3  0.027  16.13  0.03        3    TNG
 08/01/12    54478.71  16.55  0.03   16.18 0.021  15.96  0.028       3    TNG
# 2008/01/11  54477.71  16.63  0.13   16.33 0.17   16.11  0.18        0    GCN7175
# 2008/01/12  54478.71  16.51  0.06   16.15 0.14   16.22  0.29        0    GCN7175
 2008/01/19  54485.71  9999   0.00   15.4  0.20   9999   0.0         6    REM2 
 2008/01/20  54486.71  9999   0.00   15.4  0.30   9999   0.0         6    REM 
 2008/01/21  54487.81  9999   0.00   15.2  0.20   9999   0.0         6    REM2
 2008/01/23  54488.61  15.41  0.10   9999  0.1    9999   0.0         6    REM2
 2008/01/28  54494.7   15.208 0.027  14.80 0.016  14.58  0.036       4    tng
 2008/01/31  54496.73  9999   0.0    14.92 0.1    9999   0.0         6    REM
 2008/01/31  54497.45  15.159 0.034  14.80 0.011  14.47  0.013       3    tng
 2008/02/04  54500.71  15.18  0.05   14.712 0.1   14.46  0.1         6    REM
 2008/02/05  54501.71  15.28  0.05   14.83 0.1    14.50  0.1         6    REM
 2008/02/13  54509.0   15.42  0.1    9999  0.0    14.64 0.1          6    REM
 2008/02/14  54510.59  15.60  0.1    14.84 0.1    14.54 0.1          6    REM 
 2008/02/15  54511.59  15.57  0.1    9999  0.1     9999 0.1          6    REM
 2008/03/01  54526.57  9999   0.0    15.3  0.3     9999 0.0          6    REM
 2008/03/06  54531.14  9999   0.0    15.6  0.3     9999 0.0          6    REM
 2008/03/13  54539.39  16.35  0.1    15.73 0.05  15.554 0.03         3    tng
################################################################################################################
#Modjaz et al 2008
###############################################################################################################
  0  54474.85    18.15  0.05     17.12  0.05     16.18  0.05   7  none
  0  54475.77    17.00  0.03     16.70  0.05     17.09  0.12   7  none
  0  54476.83    16.54  0.07     16.22  0.09     16.22  0.10   7  none
  0  54477.84    16.45  0.07     16.15  0.09     16.13  0.15   7  none
  0  54478.84    16.44  0.04     16.05  0.09     15.99  0.12   7  none
  0  54479.88    16.38  0.10     15.96  0.10     15.81  0.10   7  none
  0  54480.84    16.23  0.10     15.86  0.10     15.63  0.07   7  none
  0  54481.82    15.99  0.10     15.72  0.07     15.55  0.02   7  none
  0  54482.76    15.88  0.04     15.55  0.00     15.46  0.05   7  none
  0  54483.82    15.74  0.08     15.41  0.13     15.21  0.06   7  none
  0  54484.85    15.62  0.05     15.31  0.05     15.11  0.07   7  none
  0  54485.81    15.51  0.02     15.17  0.16     15.05  0.13   7  none
  0  54486.85    15.43  0.01     15.12  0.05     14.92  0.05   7  none
  0  54497.69    15.00  0.04     14.76  0.08     14.53  0.03   7  none
  0  54499.76    15.07  0.21     14.73  0.03     14.44  0.04   7  none
  0  54505.70    15.11  0.05     14.76  0.02     14.54  0.11   7  none
  0  54508.74    15.25  0.02     14.86  0.01     14.68  0.13   7  none
  0  54509.72    15.24  0.05     14.88  0.03     14.68  0.05   7  none
  0  54510.75    15.32  0.04     14.89  0.06     14.68  0.03   7  none
#################################################################################################################
#Sodelberg et al 2008
#################################################################################################################
# 2008-01-09 54475.21  19.76 0.29   9999  0.00   9999  0.00    9999  0.00  9999  0.00   9999  0.00    10  sol
# 2008-01-09 54475.22  9999 0.00  20.45  0.00  19.66  0.00    9999  0.00  9999  0.00   9999  0.00     -1  sol
# 2008-01-10 54476.38   9999 0.00   9999  0.00   9999  0.00   18.00  0.05 17.85  0.05  17.59  0.06    10  sol
# 2008-01-11 54476.76  18.41 0.06  19.01  0.07  18.38  0.10    9999  0.00  9999  0.00   9999  0.00    10  sol
#  Jan11.34  54476.84   9999 0.00   9999  0.00   9999  0.00   18.13  0.06  9999  0.00   9999  0.00    10  sol
# 2008-01-11 54477.18  18.47 0.05  19.11  0.06  18.41  0.07    9999  0.00  9999  0.00   9999  0.00    10  sol
# 2008-01-11 54477.37   9999 0.00   9999  0.00   9999  0.00   18.01  0.07 17.86  0.05  17.49  0.07    10  sol
# 2008-01-12 54477.72  18.80 0.09  19.29  0.10  18.50  0.12    9999  0.00  9999  0.00   9999  0.00    10  sol
#  Jan12.50  54478.00   9999 0.00   9999  0.00   9999  0.00   18.19  0.07  9999  0.00   9999  0.00    10  sol
# 2008-01-12 54478.37  19.03 0.10  19.30  0.09  18.52  0.09   18.11  0.15 17.92  0.05  17.61  0.09    10  sol
#  Jan13.48  54478.98   9999 0.00   9999  0.00   9999  0.00   18.18  0.06  9999  0.00   9999  0.00    10  sol
# 2008-01-13 54479.14  19.23 0.10  19.39  0.08  18.42  0.08    9999  0.00  9999  0.00   9999  0.00    10  sol
# 2008-01-13 54479.32   9999 0.00   9999  0.00   9999  0.00   18.18  0.09 17.91  0.05  17.61  0.07    10  sol
#  Jan14.45  54479.95   9999 0.00   9999  0.00   9999  0.00   18.16  0.08  9999  0.00   9999  0.00    10  sol
# 2008-01-14 54480.11  19.22 0.09  19.27  0.07  18.27  0.06    9999  0.00  9999  0.00   9999  0.00    10  sol
# 2008-01-14 54480.36   9999 0.00   9999  0.00   9999  0.00   17.87  0.05 17.67  0.05  17.27  0.10    10  sol
#  Jan15.45  54480.95   9999 0.00   9999  0.00   9999  0.00   17.99  0.05 17.73  0.06   9999  0.00    10  sol
# 2008-01-15 54481.27  19.21 0.10  19.20  0.07  18.11  0.06    9999  0.00  9999  0.00   9999  0.00    10  sol
# 2008-01-15 54481.36   9999 0.00   9999  0.00   9999  0.00   17.88  0.11 17.57  0.04  17.15  0.05    10  sol
#  Jan16.49  54481.99   9999 0.00   9999  0.00   9999  0.00   17.83  0.05  9999  0.00   9999  0.00    10  sol
# 2008-01-17 54482.68  19.11 0.05  18.98  0.04  17.93  0.04    9999  0.00  9999  0.00   9999  0.00    10  sol
#  Jan17.43  54482.93   9999 0.00   9999  0.00   9999  0.00   17.70  0.06  9999  0.00   9999  0.00    10   sol
# 2008-01-17 54483.35   9999 0.00   9999  0.00   9999  0.00   17.55  0.10 17.33  0.05  16.89  0.12    10  sol
# 2008-01-18 54483.94  19.10 0.09  18.82  0.08   9999  0.00   17.58  0.06  9999  0.00   9999  0.00    10  sol
#  Jan19.49  54484.99   9999 0.00   9999  0.00   9999  0.00   17.33  0.04  9999  0.00   9999  0.00    10  sol
# 2008-01-19 54485.26   9999 0.00   9999  0.00  17.82  0.06    9999  0.00  9999  0.00   9999  0.00    10  sol
# 2008-01-19 54485.34   9999 0.00   9999  0.00   9999  0.00   17.23  0.05 17.00  0.04  16.56  0.07    10  sol
# 2008-01-21 54486.69  18.93 0.05  18.58  0.04   9999  0.00    9999  0.00  9999  0.00   9999  0.00    10  sol
# 2008-01-21 54487.00   9999 0.00   9999  0.00  17.48  0.05    9999  0.00  9999  0.00   9999  0.00    10   sol
#  Jan25.46  54490.96   9999 0.00   9999  0.00   9999  0.00   17.09  0.05  9999  0.00   9999  0.00    10   sol
# 2008-01-26 54491.68  18.92 0.03  18.50  0.02  17.41  0.02    9999  0.00  9999  0.00   9999  0.00    10  sol
# 2008-01-29 54495.02  19.03 0.03  18.56  0.02  17.41  0.02    9999  0.00  9999  0.00   9999  0.00    10  sol
#  Jan30.58  54496.08   9999 0.00   9999  0.00   9999  0.00   17.02  0.05 16.69  0.06   9999  0.00    10  sol
# 2008-01-30 54496.32   9999 0.00   9999  0.00   9999  0.00   16.96  0.04 16.74  0.04  16.20  0.05    10  sol
# 2008-01-31 54497.22   9999 0.00   9999  0.00   9999  0.00   16.87  0.05 16.67  0.05  16.19  0.05    10   sol
# 2008-02-02 54499.45  19.40 0.05  18.75  0.03  17.50  0.02    9999  0.00  9999  0.00   9999  0.00    10  sol
# 2008-02-05 54502.26   9999 0.00   9999  0.00   9999  0.00   17.02  0.05  9999  0.00   9999  0.00    10  sol
# 2008-02-07 54504.27   9999 0.00   9999  0.00   9999  0.00   17.07  0.06 16.84  0.08  16.28  0.05    10   sol
# 2008-02-08 54505.27   9999 0.00   9999  0.00   9999  0.00   17.17  0.06 16.83  0.04  16.36  0.05    10    sol
# 2008-02-09 54506.29  20.30 0.15  19.44  0.06  17.86  0.03   17.22  0.08 16.89  0.04  16.39  0.08    10  sol
# 2008-02-10 54507.26   9999 0.00   9999  0.00   9999  0.00   17.25  0.06 16.93  0.05  16.43  0.05    10   sol
#####################################################################################################################
### new reduction with snoopy-py
#
#
#
#
#
#
