  2009jf Ib
  NGC7479   ABg= 0.460 0.0 ABi= 0.2  0.2  mu= 32.65 0.10 jd_expl= 55099.5 (ABg=Schlegel,mu=Tully,vel=2462 32.65pm.06)
______________________________________________________________________
UBVRI   JD_MAX  55116.  2.0   55119.4  2.0   55122.0  2.0   55123.9  2.  55124.8  2.0
     m_max    15.70   0.0    15.60   0.0    15.00   0.0    14.83   0.0    14.59   0.0
  Date        JD             U              B               V             R                 I         S    Inst  
 xxx          55416        9999 0.0     20.8  0.081    20.5   0.     19.8 0.175         9999 0.151  111
# gal          55090       18.747 0.068  19.262 0.081    18.338 0.175    19.335 0.175    18.999 0.151  -1   galaxy 
 Sep/23.0     55097.51    9999 0.00      19.5  0.3       9999  0.0      18.478 0.235     9999  0.00   -12  ivan
 Sep/23.0     55097.51    9999 0.00      9999  0.00     19.000 0.0      9999   0.000     9999  0.00   -12  ivan_sub
 Sep/23.32    55097.83    9999 0.0        9999 0.0        9999 0.0      19.2   0.0       9999  0.0    -1  IAUC-KAIT
 Sep.24.0     55098.5     9999 0.000     9999  0.0      19.00  0.0      18.5   0.397     9999  0.000  -12  ivan_sub
 Sep/26.0     55100.49    9999 0.000     19.47 0.332    18.90  0.290    9999   0.278     9999  0.00   12  ivan_sub
 Sep/26.0     55100.49    9999 0.000     9999  0.332     9999  0.300    18.4   0.278     9999  0.00   -12  ivan_sub
 Sep/26.61    55101.11    9999 0.0        9999 0.0        9999 0.0      17.91   0.0       9999  0.0    1   IAUC-ITAGAKI_sub
 Sep/27.10    55101.61    9999 0.000    18.82 0.322    17.777 0.226    17.61  0.20      9999  0.00    12  ivan_sub      
 Sep/27.33    55101.83    9999 0.0        9999 0.0        9999 0.0      18.0   0.0       9999  0.0     1   IAUC-KAIT  
 Sep/28.33    55102.83    9999 0.0        9999 0.0        9999 0.0      17.8   0.0       9999  0.0     1   IAUC-KAIT  
 09/Sep/28.89 55103.39    9999 0.0        9999 0.0        9999 0.0      17.2   0.0       9999  0.0     1   Joel Nicolas
 09/Sep/29.2  55103.70    9999 0.0        9999 0.0       17.1  0.0      9999   0.0       17.8  0.0     1   JosephBrimacombe-L/IR	
 09/Sep/29.4  55103.85    9999 0.0        9999 0.0        9999 0.0      17.1   0.0       9999  0.0     1   StanHowerton/C    
 09/Sep/29.8  55104.30    9999 0.0        9999 0.0        9999 0.0      17.0   0.0       9999  0.0     1   JMLlapasset/CR   
 09/Sep/29.9  55104.40    9999 0.0        9999 0.0        9999 0.0      16.68  0.0       9999  0.0     1   GustavoMuler/CR   
 09/Sep/29.9  55104.40    9999 0.0        9999 0.0        9999 0.0      16.72  0.0       9999  0.0     1   JordiCamarasa/CR
 2009/09/30   55104.58    9999 0.000      9999 0.000    16.920 0.3       9999  0.00      9999  0.000   1   JosephBrimacombe/L_sub
 20091001     55105.6     9999 0.000      9999  0.000   16.600 0.3       9999  0.000     9999  0.000   1   JosephBrimacombe/L_sub
 20091001  55106.0       9999   0.000     9999  0.0      16.376 0.073    16.136 0.079    16.030 0.077  7   other-pignata
 20091002 55106.63      16.910 0.028    16.917 0.012    16.359 0.010    16.138 0.007    16.016 0.011   2   TNG 
 20091002 55106.64      9999.9 0.000    16.927 0.041    9999.9 0.000    9999.9 0.000    9999.9 0.000   7   prompt
 20091003 55108.62      9999   0.000      9999 0.000    9999   0.000    15.693 0.000     9999  0.000   9   FORS2
 20091004 55109.41      16.200 0.202    16.310 0.015    15.805 0.011    15.550 0.014    15.424 0.013   4   LT
 20091005 55111.36      15.864 0.012    15.888 0.017    15.538 0.016    15.267 0.018    15.268 0.031   3   ca
 20091006 55111.38      15.870 0.029    15.947 0.009    15.510 0.009    15.333 0.008    15.214 0.011   4   LT
 20091008 55112.57      9999.9 0.000    15.848 0.017    9999.9 0.000    9999.9 0.000    9999.9 0.000   7   prompt
 20091008 55113.39      15.800 0.018    15.791 0.010    15.308 0.007    15.155 0.009    14.988 0.009   4    LT
 20091009 55113.56      9999.9 0.000    15.724 0.015    15.292 0.015    15.170 0.014    14.958 0.018   7    prompt
 20091010 55114.64      9999.9 0.000    9999.9 0.000    9999.9 0.000    14.985 0.100    14.901 0.107   7    promptnonbuone
 20091010 55115.39      15.749 0.021    15.681 0.007    15.196 0.007    15.015 0.010    14.879 0.008   4    LT
 20091012 55116.55      9999.9 0.000    15.592 0.015    15.143 0.011    14.965 0.010    14.803 0.009   7    prompt
 20091012 55117.40      15.699 0.018    15.570 0.008    15.111 0.008    14.920 0.007    14.737 0.007   4   LT
 20091013 55117.63      9999.9 0.000    15.602 0.027    15.103 0.044    14.942 0.053    14.707 0.055   7    prompt
 20091013 55118.48      15.670 0.058    15.584 0.017    15.056 0.015    14.928 0.020    14.665 0.035   5    NOT
 20091014 55119.34      15.698 0.022    15.577 0.008    15.046 0.007    14.882 0.010    14.664 0.009   4    LT 
 20091015 55119.60      9999.9 0.000    15.600 0.061    15.010 0.018    14.859 0.015    14.648 0.013   7    prompt
 20091016 55121.45      15.740 0.040    15.581 0.017    15.045 0.003    14.861 0.003    14.639 0.004   6    ekar
 20091018 55122.53      9999.9 0.000    15.620 0.029    15.034 0.010    14.850 0.011    14.584 0.013   7    prompt
 20091018 55123.37      15.858 0.040    15.623 0.009    15.046 0.005    14.812 0.005    14.563 0.006   6    ekar
 20091020 55124.62      16.046 0.007    15.698 0.008    15.061 0.012    14.838 0.011    14.560 0.008   8    NTT
 20091021 55125.52      9999.9 0.000    15.771 0.015    15.034 0.027    14.885 0.023    14.615 0.020   7    prompt
 20091023 55128.34      16.468 0.015    15.937 0.005    15.157 0.006    14.851 0.007    14.614 0.006   4    LT
 20091024 55128.57      9999.9 0.000    15.945 0.020    15.163 0.014    14.856 0.010    14.657 0.010   7    prompt
 20091025 55129.54      9999.9 0.000    16.022 0.017    9999.9 0.000    9999.9 0.000    9999.9 0.000   7    prompt
 20091027 55131.54      9999.9 0.000    16.171 0.022    15.271 0.012    14.950 0.008    14.673 0.011   7    prompt
 20091027 55132.60      9999   0.000     9999  0.000    15.381 0.086     9999  0.000     9999  0.000   9    VLT
 20091029 55133.52      9999.9 0.000    16.440 0.039    15.447 0.015    14.999 0.037    14.759 0.052   7    prompt
 20091102 55137.52      9999.9 0.000    16.860 0.031    15.697 0.017    15.199 0.016    14.866 0.016   7    prompt
 20091103 55138.54      9999.9 0.000    16.929 0.045    15.726 0.089    15.258 0.019    14.924 0.013   7    prompt
 20091103 55139.33      17.632 0.103    16.937 0.010    15.797 0.008    15.235 0.008    14.906 0.010   4    LT
 20091104 55140.38      17.600 0.035    17.043 0.014    15.874 0.018    15.322 0.029    14.969 0.019   5    NOT
 20091106 55141.52      9999.9 0.000    17.081 0.040    9999.9 0.000    9999.9 0.000    9999.9 0.000   7    prompt
 20091109 55144.56      9999.9 0.000    9999.9 0.000    9999.9 0.000    15.548 0.023    15.120 0.024   7    prompt
 20091111 55147.33      17.969 0.045    17.381 0.014    16.215 0.008    15.586 0.009    15.258 0.011   4    LT
 20091112 55147.54      9999.9 0.000    17.427 0.045    16.220 0.021    15.666 0.017    15.247 0.014   7    prompt
 20091112 55147.54      9999.9 0.000    9999.9 0.000    16.235 0.018    9999.9 0.000    9999.9 0.000   7    prompt1
 20091113 55149.34      18.070 0.070    17.440 0.014    16.274 0.009    15.652 0.007    15.340 0.009   4    LT_sub
 20091113 55149.37      18.050 0.041    17.437 0.014    16.286 0.009    15.780 0.012    15.330 0.013   5    NOT_sub
 20091114 55149.53      9999.9 0.000    9999.9 0.000    16.305 0.029    15.728 0.018    15.303 0.015   7    prompt1
 20091118 55154.41      18.080 0.192    17.584 0.017    16.482 0.015    15.906 0.012    15.397 0.029   3    ca_sub
 20091119 55154.54      9999.  0.000    17.605 0.054    16.502 0.049    15.936 0.066    15.433 0.056   7    prompt1_sub
 20091122 55157.52      18.249 0.101    17.683 0.032    16.558 0.029    15.980 0.006    15.511 0.007   8    NTT_sub
 20091123 55158.26      18.141 0.003    17.702 0.005    16.568 0.004    16.000 0.013    15.508 0.012   3    ca_sub
 20091123 55159.35      18.250 0.104    17.718 0.048    16.564 0.050    15.982 0.012    15.594 0.010   4    LT_sub_bg2 
 20091124 55159.56      9999   0.000    17.721 0.254    16.623 0.204    16.014 0.017    15.576 0.016   7    prompt_sub
 20091127 55162.53      9999   0.000    17.800 0.077    16.680 0.057    16.047 0.018    15.633 0.015   7    prompt_sub    
 20091201 55167.32      18.333 0.098    17.830 0.055    16.751 0.059    16.146 0.012    15.793 0.012   4     LT_sub
 20091206  55172.34     18.336 0.068    17.840 0.106    16.802 0.106    16.277 0.009    15.869 0.008   4    LT_sub
 20091229 55195.29      18.456 0.172    18.093 0.198    17.141 0.188     9999  0.000    16.214 0.045   3    ca_sub
 20100102 55199.27      9999   0.081     9999  0.764    17.229 0.058    16.746 0.061    16.273 0.060   3    ca_sub
 20100102 55199.27      17.97  0.000     9999  0.0.0     9999  0.0       9999  0.0       9999  0.0    -3   ca_sub
 20100107 55204.36      18.464 0.067    18.143 0.012    17.324 0.010    16.869 0.006    16.412 0.005   5    not_sub
 20091228 55194.30       9999  0.000     9999  0.000     9999  0.000    16.664 0.075    16.196 0.065   3    ca_sub
 20100618 55368.90       9999 0.000     20.483 0.088    20.164 0.081    19.368 0.042    19.273 0.051   8    NTT_sub
# 20100714 55392.57       9999  0.000    21.840 0.472    20.681 0.420    19.807 0.162    19.972 0.147   3    ca_sub
#################################################################################################################
#              swift
# 2009-09-30  55104.67909    17.44  0.08  17.31  0.05    16.80  0.07      9999  0.0       9999  0.0    10    xx    
# 2009-10-01  55105.54685    17.26  0.07  17.13  0.05    16.53  0.07      9999  0.0       9999  0.0    10    xx    
# 2009-10-04  55108.96816    16.45  0.05  16.28  0.03    15.80  0.05      9999  0.0       9999  0.0    10    xx    
# 2009-10-06  55111.30935    16.04  0.04  15.90  0.03    15.47  0.04      9999  0.0       9999  0.0    10    xx  
# 2009-10-08  55113.25863    15.95  0.04  15.77  0.03    15.35  0.04      9999  0.0       9999  0.0    10    xx    
# 2009-10-10  55115.14052    15.85  0.04  15.67  0.03    15.22  0.04      9999  0.0       9999  0.0    10    xx
# 2009-10-12  55117.210      15.84  0.04  15.60  0.04    15.09  0.04      9999  0.000     9999  0.000  10    xx_man 
# 2009-10-14  55119.150      15.80  0.099 15.60  0.04    15.03  0.04      9999  0.000     9999  0.000  10    xx_man 
# 2009-10-16  55120.53931    15.87  0.04  15.62  0.03    15.03  0.04      9999  0.0       9999  0.0    10    xx    
# 2009-10-18  55122.82450    15.96  0.04  15.62  0.03    15.06  0.04      9999  0.0       9999  0.0    10    xx    
# 2009-10-20  55124.55501    16.15  0.04  15.73  0.03    15.07  0.04      9999  0.0       9999  0.0    10    xx    
# 2009-11-01  55137.14600    17.21  0.07  16.75  0.04    9999   0.05      9999  0.0       9999  0.0    10    xx 
# 2009-11-01  55137.14600    17.51  0.232 16.75  0.04    15.65  0.04      9999  0.000     9999  0.000  10    xx_man 
# 2009-11-04  55139.56480    17.45  0.08  16.915 0.04    15.80  0.05      9999  0.0       9999  0.0    10    xx    
# 2009-11-04  55139.570      17.403 0.08  16.915 0.04    15.80  0.05      9999  0.0       9999  0.0    10    xx_man    
# 2009-11-07  55142.63760    17.54  0.08  17.21  0.06    9999   0.0       9999  0.0       9999  0.0    10    xx    
##########################################   swift after color correction   #######################################
## 2009-09-30      55104.679      17.428    0.08  9999    0.05  9999    0.07   9999  0.0       9999  0.0    13    xx    
## 2009-10-01      55105.546      17.243    0.07  9999    0.05  9999    0.07   9999  0.0       9999  0.0    13    xx    
## 2009-10-04      55108.968      16.437    0.05  9999    0.03  9999    0.05   9999  0.0       9999  0.0    13    xx    
## 2009-10-06      55111.309      16.031    0.04  9999    0.03  9999    0.04   9999  0.0       9999  0.0    13    xx    
## 2009-10-08      55113.258      15.940    0.04  9999    0.03  9999    0.04   9999  0.0       9999  0.0    13    xx    
## 2009-10-10      55115.140      15.838    0.04  9999    0.03  9999    0.04   9999  0.0       9999  0.0    13    xx    
## 2009-10-12      55117.210      15.829    0.04  9999    0.03  9999    0.04   9999  0.0       9999  0.0    13    xx    
## 2009-10-14      55119.153      15.785    0.04  9999    0.03  9999    0.03   9999  0.0       9999  0.0    13    xx    
## 2009-10-16      55120.539      15.852    0.04  9999    0.03  9999    0.04   9999  0.0       9999  0.0    13    xx    
## 2009-10-18      55122.824      15.937    0.04  9999    0.03  9999    0.04   9999  0.0       9999  0.0    13    xx    
## 2009-10-20      55124.555      16.124    0.04  9999    0.03  9999    0.04   9999  0.0       9999  0.0    13    xx    
## 2009-11-01      55137.146      17.176    0.07  9999    0.04  9999    0.05   9999  0.0       9999  0.0    13    xx    
## 2009-11-04      55139.564      17.416    0.08  9999    0.04  9999    0.05   9999  0.0       9999  0.0    13    xx    
## 2009-11-07      55142.637       17.54    0.08  9999    0.06  9999     0.0   9999  0.0       9999  0.0    13    xx    
_____________________________________________________________________________________________________
ASD     JD_MAX    55116.  2.0    55118.  2.0    55120.  2.0   
         m_max    15.70   0.0    15.60   0.0    15.00   0.0    
  Date           JD            A            S            D          S    note
 2008-01-22  54488.353      18.32  0.07  9999   0.0   9999   0.0     -10    xx 
 2008-04-27  54583.959      18.23  0.05  9999   0.0   9999   0.0     -10    xx
 2008-06-28  54645.998      9999   0.0   18.06  0.03  9999   0.0     -10    xx
 2009-09-30  55104.679      17.68  0.07  17.94  0.06  18.03  0.07     10    xx
 2009-10-01  55105.54685    17.97  0.09  17.92  0.07  18.02  0.07     10    xx    
 2009-10-04  55108.96816    17.62  0.07  17.75  0.06  17.90  0.06     10    xx    
 2009-10-06  55111.30935    17.38  0.06  17.85  0.06  18.04  0.07     10    xx    
 2009-10-08  55113.25863    17.37  0.06  17.88  0.06  18.02  0.08     10    xx    
 2009-10-10  55115.14052    17.20  0.05  17.73  0.06  17.85  0.07     10    xx    
 2009-10-12  55117.21002    17.27  0.06  17.76  0.07  18.02  0.08     10    xx    
 2009-10-14  55119.15351    17.19  0.05  17.70  0.05  18.00  0.06     10    xx    
 2009-10-16  55120.53931    17.24  0.06  17.81  0.06  17.97  0.07     10    xx    
 2009-10-18  55122.82450    17.23  0.05  17.75  0.06  17.92  0.06     10    xx    
 2009-10-20  55124.55501    17.28  0.06  17.96  0.07  18.10  0.07     10    xx    
 2009-11-01  55137.14600    17.86  0.08  18.09  0.07  18.04  0.07     10    xx    
 2009-11-04  55139.56480    17.93  0.08  17.91  0.07  18.02  0.08     10    xx    
 2009-11-07  55142.63760    17.90  0.07  9999   0.0    9999  0.0      10    xx    
_____________________________________________________________________________________________________
JHK       JD_max        55120.05 2.0      55120.05  1.0   55120.05  2.0
          m_max        14.1    0.0     14.1   0.0     13.8   0.0 
  Date          JD              J               H             K          S       Inst
# xx/xx/xx    55390.59      18.815 0.073    18.60 0.000     17.852 0.000 -1       galaxy
 02/10/2009  55106.59      15.565 0.029    15.511 0.042    15.356 0.052  3       NICS
 07/10/2009  55111.45      14.838 0.016    14.725 0.018    14.527 0.021  3       NICS
 13/10/2009 55117.31       14.421 0.111    14.393 0.093    14.294 0.139  3       NICS
 20/10/2009  55125.64      14.285 0.011    14.151 0.011    13.956 0.015  8       SOFI 
 23/10/2009  55128.35      14.305 0.067    14.335 0.089    9999   0.0    10      lp
 24/10/2009  55129.39     14.322 0.127    14.186 0.153    9999.0 0.000  10      lp_ap_ap 
 27/10/2009  55132.02      14.359 0.199    14.180 0.204    9999   0.000  11      rem_ap_ap 
 06/11/2009  55141.16      14.521 0.138    14.402 0.113    14.301 0.109  11      rem_fit_fit
 11/11/2009  55146.08      14.773 0.382    14.607 0.410    14.637 0.096  11      rem 
 15/11/2009  55150.14      14.812 0.470    14.793 0.445    14.700 0.259  11      rem(horriblezeropoint)   
 19/11/2009  55154.14      14.992 0.366    14.895 0.366      9999 0.000  11      rem 
 19/11/2009  55154.14        9999 0.000     9999  0.000    14.322 0.691 -11      rem 
 23/11/2009  55158.52      15.069 0.020    14.897 0.024    14.924 0.029  8       Sofi 
 24/11/2009  55159.05      15.113 0.249    14.817 0.249    15.337 0.230  11      rem 
 08/12/2009  55174.32      15.600 0.056    15.140 0.052     9999  0.000  10      LP
 02/07/2010  55378.68      19.340 0.300     18.57  0.30     19.083 0.300  3      NICS
_____________________________________________________________________________________________________
ugriz   JD_MAX    55116.  2.0    55118.  2.0    55120.  2.0    55120.  2.     55121.  2.0
         m_max    15.70   0.0    15.60   0.0    15.11   0.0    14.80   0.0    14.50   0.0
  Date        JD             u              g                 r              i               z         S    Inst   
 20091004    55109.41   9999.9 0.000    9999.9 0.000    15.767 0.013    15.808 0.013    9999.9 0.000    4    LT    
 20091006    55111.38   9999.9 0.000    9999.9 0.000    15.518 0.008    15.572 0.011    9999.9 0.000    4    LT    
 20091008    55113.39   16.688 0.018    15.569 0.008    15.343 0.009    15.388 0.009    15.438 0.016    4    LT
 20091008    55113.55    9999  0.000    15.428 0.092    15.304 0.036    15.309 0.040    15.334 0.077    7    prompt
 20091010    55115.39   16.644 0.022    15.394 0.007    15.208 0.010    15.261 0.008    15.240 0.016    4    LT    
 20091012    55116.56   9999.9 0.000    15.390 0.015    15.114 0.015    15.185 0.015    15.207 0.017    7    prompt
 20091012    55117.41   16.552 0.024    15.327 0.005    15.098 0.007    15.138 0.007    15.169 0.017    4    LT    
 20091013    55117.62   9999.9 0.000    15.350 0.024    15.129 0.028    15.150 0.019    15.090 0.028    7    prompt
 20091014    55119.35   16.568 0.024    15.328 0.008    15.040 0.010    15.056 0.009    15.080 0.012    4    LT    
 20091015    55119.62   9999.9 0.000    15.305 0.024    15.009 0.011    15.005 0.019    15.045 0.021    7    prompt
 20091018    55122.53   9999.9 0.000    9999.9 0.000    14.963 0.013    15.002 0.016    14.942 0.024    7    prompt
 20091021    55125.53   9999.9 0.000    15.429 0.012    14.944 0.018    14.987 0.016    14.929 0.023    7    prompt
 20091023    55128.34   17.301 0.021    15.527 0.005    15.020 0.007    15.010 0.016    14.978 0.010    4    LT
 20091024    55128.51   9999.9 0.000    15.557 0.011    9999.9 0.000    9999.9 0.000    9999.9 0.000    7    prompt
 20091025    55129.55   9999.9 0.000    15.575 0.011    9999.9 0.000    9999.9 0.000    9999.9 0.000    7    prompt
 20091027    55131.52   9999.9 0.000    15.711 0.010    15.112 0.012    15.064 0.010    15.030 0.014    7    prompt
 20091028    55132.53   9999.9 0.000    15.777 0.016    15.178 0.036    15.125 0.016    15.065 0.014    7    prompt
 20091103    55139.34   18.370 0.039    16.408 0.008    15.499 0.010    15.336 0.010    15.263 0.016    4    LT    
 20091103    55138.54   9999.9 0.000    16.314 0.061    15.456 0.016    15.353 0.010    15.244 0.037    7    prompt
 20091105    55140.52   9999.9 0.000    16.400 0.012    9999.9 0.000    15.441 0.012    15.288 0.030    7    prompt
 20091111    55147.33   9999   0.000    9999   0.000    15.869 0.006    15.710 0.006    15.479 0.024    4    LT_sub 
 20091113    55148.78   9999   0.000    16.967 0.017    15.969 0.005    15.804 0.006    15.499 0.015    7    prompt_sub
 20091113    55149.35   18.966 0.136    17.004 0.008    15.961 0.005    15.789 0.005    15.531 0.012    4    LT_sub
 20091119    55154.52   9999   0.000    9999   0.000    16.128 0.007    15.990 0.010    15.605 0.008    7    prompt_sub
 20091123    55159.36   19.122 0.039    17.167 0.008    16.241 0.007    16.055 0.007    15.640 0.006    4    LT_sub
 20091124    55159.52   9999.9 0.0      9999   0.0      16.199 0.017    16.081 0.019    15.647 0.019    7    prompt_sub
 20091201    55167.32   19.151 0.098    17.249 0.026    16.381 0.008    16.240 0.008    15.785 0.013    4    LT_sub    
 20091202    55167.55   9999.9 0.000    9999.9 0.000    16.396 0.013    16.259 0.016    9999.9 0.000    7    prompt_sub
 20091206    55172.34   19.206 0.056    17.283 0.017    16.429 0.003    16.301 0.002    15.892 0.044    4    LT_sub
#####################################################################################################################
#    preliminar light curve 
#    Valenti in preparation   25/11/2010 
#
#
#
#
#
